,tract_id,mar_19,mar_20,mar_21,20_19,21_20,nor_20_19,nor_21_20
0,36005000200,835,451,493,-384,42,-0.4598802395209581,0.09312638580931264
1,36005000400,3986,1970,2008,-2016,38,-0.5057701956848971,0.019289340101522844
2,36005001600,337,119,81,-218,-38,-0.6468842729970327,-0.31932773109243695
3,36005001900,1555,1369,766,-186,-603,-0.11961414790996784,-0.4404674945215486
4,36005002300,1813,1309,700,-504,-609,-0.277992277992278,-0.46524064171123
5,36005002400,5984,4568,2986,-1416,-1582,-0.23663101604278075,-0.34632224168126097
6,36005002500,69,42,32,-27,-10,-0.391304347826087,-0.23809523809523808
7,36005002701,3618,2785,1472,-833,-1313,-0.23023770038695412,-0.47145421903052065
8,36005003900,46986,29442,63442,-17544,34000,-0.37338781764781,1.1548128523877454
9,36005004001,1192,1037,399,-155,-638,-0.13003355704697986,-0.6152362584378014
10,36005004100,1107,667,507,-440,-160,-0.3974706413730804,-0.239880059970015
11,36005004200,8019,11834,1423,3815,-10411,0.475745105374735,-0.8797532533378402
12,36005004300,1557,986,642,-571,-344,-0.36673089274245346,-0.3488843813387424
13,36005004400,810,552,527,-258,-25,-0.31851851851851853,-0.04528985507246377
14,36005004600,746,691,327,-55,-364,-0.07372654155495978,-0.5267727930535456
15,36005005002,82,77,6,-5,-71,-0.06097560975609756,-0.922077922077922
16,36005005100,7789,3515,1849,-4274,-1666,-0.5487225574528181,-0.4739687055476529
17,36005005200,803,516,502,-287,-14,-0.3574097135740971,-0.027131782945736434
18,36005005600,1606,1056,361,-550,-695,-0.3424657534246575,-0.6581439393939394
19,36005005902,3505,412,164,-3093,-248,-0.882453637660485,-0.6019417475728155
20,36005006100,185,89,22,-96,-67,-0.518918918918919,-0.7528089887640449
21,36005006200,2260,1579,820,-681,-759,-0.3013274336283186,-0.48068397720075995
22,36005006300,16090,8833,6902,-7257,-1931,-0.45102548166563083,-0.21861202309521113
23,36005006500,3497,3210,2754,-287,-456,-0.08207034601086646,-0.14205607476635515
24,36005006700,7571,1486,751,-6085,-735,-0.8037247391361775,-0.4946164199192463
25,36005006800,1613,6227,1199,4614,-5028,2.86050836949783,-0.8074514212301269
26,36005006900,919,732,463,-187,-269,-0.20348204570184983,-0.3674863387978142
27,36005007100,21,19,19,-2,0,-0.09523809523809523,0.0
28,36005007200,2859,2402,1248,-457,-1154,-0.15984610003497726,-0.4804329725228976
29,36005007300,10886,6486,9034,-4400,2548,-0.40418886643395185,0.39284613012642616
30,36005007500,1302,900,606,-402,-294,-0.3087557603686636,-0.32666666666666666
31,36005007600,344,200,97,-144,-103,-0.4186046511627907,-0.515
32,36005007700,1215,811,376,-404,-435,-0.3325102880658436,-0.5363748458692972
33,36005007800,20,30,15,10,-15,0.5,-0.5
34,36005007900,4463,2835,1635,-1628,-1200,-0.3647770557920681,-0.42328042328042326
35,36005008300,567,326,379,-241,53,-0.42504409171075835,0.16257668711656442
36,36005008700,3757,2798,1704,-959,-1094,-0.2552568538727708,-0.3909935668334525
37,36005009000,2426,3458,1951,1032,-1507,0.4253915910964551,-0.435801041064199
38,36005009200,1081,1040,634,-41,-406,-0.037927844588344126,-0.3903846153846154
39,36005009300,2325,2264,1477,-61,-787,-0.026236559139784947,-0.3476148409893993
40,36005009600,424,434,309,10,-125,0.02358490566037736,-0.2880184331797235
41,36005011000,3271,2218,1778,-1053,-440,-0.32191990217059,-0.19837691614066727
42,36005011502,2583,1681,1040,-902,-641,-0.3492063492063492,-0.3813206424747174
43,36005011700,10019,9787,6863,-232,-2924,-0.02315600359317297,-0.2987636660876673
44,36005011800,262,242,397,-20,155,-0.07633587786259542,0.640495867768595
45,36005011900,3860,2787,1990,-1073,-797,-0.277979274611399,-0.28597057768209544
46,36005012300,949,899,485,-50,-414,-0.05268703898840885,-0.46051167964404893
47,36005012500,64,53,12,-11,-41,-0.171875,-0.7735849056603774
48,36005012701,13015,667,200,-12348,-467,-0.9487514406454092,-0.7001499250374813
49,36005012901,1257,718,286,-539,-432,-0.42879872712808276,-0.6016713091922006
50,36005013100,2833,1709,979,-1124,-730,-0.3967525591246029,-0.42715038033937974
51,36005013200,379,257,184,-122,-73,-0.32189973614775724,-0.2840466926070039
52,36005013500,1875,1389,786,-486,-603,-0.2592,-0.43412526997840173
53,36005013800,1679,6714,637,5035,-6077,2.998808814770697,-0.9051236222817992
54,36005014100,3342,2687,1800,-655,-887,-0.1959904248952723,-0.3301079270561965
55,36005014500,71340,59753,88694,-11587,28941,-0.16241940005606953,0.48434388231553227
56,36005014701,958,626,307,-332,-319,-0.3465553235908142,-0.5095846645367412
57,36005014702,2270,1802,984,-468,-818,-0.20616740088105726,-0.45394006659267483
58,36005014900,867,685,350,-182,-335,-0.209919261822376,-0.48905109489051096
59,36005015200,806,564,307,-242,-257,-0.3002481389578164,-0.45567375886524825
60,36005015300,468,396,156,-72,-240,-0.15384615384615385,-0.6060606060606061
61,36005015700,1727,1127,898,-600,-229,-0.3474232773595831,-0.20319432120674358
62,36005015900,13,24,9,11,-15,0.8461538461538461,-0.625
63,36005016100,4852,2947,1758,-1905,-1189,-0.39262159934047813,-0.4034611469290804
64,36005016300,4459,3022,1892,-1437,-1130,-0.32226956716752636,-0.3739245532759762
65,36005016500,2275,1597,1125,-678,-472,-0.298021978021978,-0.29555416405760804
66,36005016600,491,274,291,-217,17,-0.4419551934826884,0.06204379562043796
67,36005016700,210,177,82,-33,-95,-0.15714285714285714,-0.536723163841808
68,36005016900,1804,985,521,-819,-464,-0.4539911308203991,-0.47106598984771575
69,36005017100,613,941,511,328,-430,0.5350734094616639,-0.4569606801275239
70,36005017300,1291,1299,661,8,-638,0.006196746707978312,-0.4911470361816782
71,36005017500,1637,1040,530,-597,-510,-0.36469150885766644,-0.49038461538461536
72,36005017702,372,270,132,-102,-138,-0.27419354838709675,-0.5111111111111111
73,36005017902,1989,1421,679,-568,-742,-0.28557063851181497,-0.5221674876847291
74,36005018102,1848,1379,184,-469,-1195,-0.2537878787878788,-0.8665699782451052
75,36005018301,11,3,4,-8,1,-0.7272727272727273,0.3333333333333333
76,36005018400,1189,1403,1000,214,-403,0.17998317914213624,-0.2872416250890948
77,36005018500,4146,3397,1850,-749,-1547,-0.18065605402797877,-0.45540182513982924
78,36005018900,986,749,385,-237,-364,-0.24036511156186613,-0.48598130841121495
79,36005019300,1596,893,493,-703,-400,-0.44047619047619047,-0.4479283314669653
80,36005019500,2177,1477,1094,-700,-383,-0.3215434083601286,-0.2593094109681787
81,36005019700,1362,895,529,-467,-366,-0.34287812041116006,-0.40893854748603353
82,36005019900,274,249,68,-25,-181,-0.09124087591240876,-0.7269076305220884
83,36005020000,1125,949,617,-176,-332,-0.15644444444444444,-0.3498419388830348
84,36005020100,6402,3623,2125,-2779,-1498,-0.4340830990315526,-0.41346950041402153
85,36005020200,640,670,358,30,-312,0.046875,-0.46567164179104475
86,36005020400,348,312,91,-36,-221,-0.10344827586206896,-0.7083333333333334
87,36005020501,3075,1545,1213,-1530,-332,-0.4975609756097561,-0.21488673139158576
88,36005020502,989,655,365,-334,-290,-0.33771486349848334,-0.44274809160305345
89,36005020601,14,2,3,-12,1,-0.8571428571428571,0.5
90,36005020900,1497,685,366,-812,-319,-0.5424181696726786,-0.4656934306569343
91,36005021001,3467,4777,1134,1310,-3643,0.3778482838188636,-0.7626125183169353
92,36005021002,696,501,117,-195,-384,-0.2801724137931034,-0.7664670658682635
93,36005021100,618,282,140,-336,-142,-0.5436893203883495,-0.5035460992907801
94,36005021302,1347,773,602,-574,-171,-0.4261321455085375,-0.22121604139715395
95,36005021501,1291,1298,630,7,-668,0.005422153369481022,-0.514637904468413
96,36005021502,228,97,75,-131,-22,-0.5745614035087719,-0.2268041237113402
97,36005021601,584,628,310,44,-318,0.07534246575342465,-0.5063694267515924
98,36005021602,2036,1703,803,-333,-900,-0.16355599214145383,-0.5284791544333529
99,36005021800,1409,943,659,-466,-284,-0.3307310149041874,-0.30116648992576883
100,36005021900,2608,1763,955,-845,-808,-0.32400306748466257,-0.45830969937606353
101,36005022000,690,550,354,-140,-196,-0.2028985507246377,-0.3563636363636364
102,36005022200,2804,1802,885,-1002,-917,-0.3573466476462197,-0.5088790233074362
103,36005022403,6279,4187,2957,-2092,-1230,-0.3331740723045071,-0.29376641987102936
104,36005022500,1223,1292,546,69,-746,0.056418642681929684,-0.5773993808049536
105,36005022701,1271,899,458,-372,-441,-0.2926829268292683,-0.4905450500556173
106,36005022702,1585,944,525,-641,-419,-0.40441640378548893,-0.4438559322033898
107,36005022901,2151,1214,538,-937,-676,-0.43561134356113435,-0.556836902800659
108,36005022902,2047,1231,964,-816,-267,-0.39863214460185636,-0.21689683184402925
109,36005023100,343,267,263,-76,-4,-0.22157434402332363,-0.0149812734082397
110,36005023200,11660,15903,2308,4243,-13595,0.36389365351629505,-0.8548701502861096
111,36005023301,79,29,13,-50,-16,-0.6329113924050633,-0.5517241379310345
112,36005023600,1116,726,713,-390,-13,-0.34946236559139787,-0.01790633608815427
113,36005023900,459,319,226,-140,-93,-0.30501089324618735,-0.29153605015673983
114,36005024100,2174,1232,628,-942,-604,-0.43330266789328425,-0.4902597402597403
115,36005024300,792,413,280,-379,-133,-0.47853535353535354,-0.3220338983050847
116,36005024501,1279,729,367,-550,-362,-0.4300234558248632,-0.49657064471879286
117,36005024700,25018,11505,22954,-13513,11449,-0.5401311056039652,0.9951325510647544
118,36005024800,404,438,306,34,-132,0.08415841584158416,-0.3013698630136986
119,36005024900,1878,923,82,-955,-841,-0.5085197018104366,-0.9111592632719393
120,36005025100,16139,4180,2125,-11959,-2055,-0.7410000619617076,-0.4916267942583732
121,36005025600,347,262,253,-85,-9,-0.24495677233429394,-0.03435114503816794
122,36005026400,44,22,24,-22,2,-0.5,0.09090909090909091
123,36005026500,50,48,42,-2,-6,-0.04,-0.125
124,36005026602,1141,684,363,-457,-321,-0.4005258545135846,-0.4692982456140351
125,36005026900,1357,791,528,-566,-263,-0.4170965364775239,-0.3324905183312263
126,36005027300,576,429,346,-147,-83,-0.2552083333333333,-0.19347319347319347
127,36005027401,54,48,87,-6,39,-0.1111111111111111,0.8125
128,36005027402,331,224,246,-107,22,-0.32326283987915405,0.09821428571428571
129,36005027600,8654,6037,5186,-2617,-851,-0.3024035128264386,-0.14096405499420242
130,36005027700,341,300,149,-41,-151,-0.12023460410557185,-0.5033333333333333
131,36005027900,520,426,326,-94,-100,-0.18076923076923077,-0.2347417840375587
132,36005028100,423,265,139,-158,-126,-0.3735224586288416,-0.47547169811320755
133,36005028300,2915,2137,1470,-778,-667,-0.26689536878216125,-0.31211979410388396
134,36005028400,4616,3259,2808,-1357,-451,-0.2939774696707106,-0.13838600797790734
135,36005028500,484,341,250,-143,-91,-0.29545454545454547,-0.2668621700879765
136,36005028800,279,178,139,-101,-39,-0.36200716845878134,-0.21910112359550563
137,36005028900,15424,12818,760,-2606,-12058,-0.16895746887966806,-0.9407083788422531
138,36005029301,751,714,441,-37,-273,-0.0492676431424767,-0.38235294117647056
139,36005029302,1690,765,736,-925,-29,-0.5473372781065089,-0.03790849673202614
140,36005029500,793,522,358,-271,-164,-0.3417402269861286,-0.31417624521072796
141,36005029700,189,252,179,63,-73,0.3333333333333333,-0.2896825396825397
142,36005030000,1590,1001,669,-589,-332,-0.370440251572327,-0.33166833166833165
143,36005030200,3642,2504,1361,-1138,-1143,-0.3124656781987919,-0.4564696485623003
144,36005030701,343,307,251,-36,-56,-0.10495626822157435,-0.18241042345276873
145,36005030900,548,407,355,-141,-52,-0.2572992700729927,-0.12776412776412777
146,36005031000,2294,1592,591,-702,-1001,-0.3060156931124673,-0.6287688442211056
147,36005032600,5727,1761,2506,-3966,745,-0.6925091671031954,0.4230550823395798
148,36005033000,716,478,370,-238,-108,-0.3324022346368715,-0.22594142259414227
149,36005033400,43804,22099,21485,-21705,-614,-0.4955026938179162,-0.0277840626272682
150,36005033500,1596,1036,640,-560,-396,-0.3508771929824561,-0.38223938223938225
151,36005033600,2814,1638,1024,-1176,-614,-0.417910447761194,-0.37484737484737485
152,36005033700,2751,2794,1607,43,-1187,0.015630679752817157,-0.4248389405869721
153,36005034000,45,33,19,-12,-14,-0.26666666666666666,-0.42424242424242425
154,36005034300,63,36,62,-27,26,-0.42857142857142855,0.7222222222222222
155,36005034800,10069,19535,15980,9466,-3555,0.9401132187903466,-0.18198105963654979
156,36005035600,4063,1775,1997,-2288,222,-0.5631306916071868,0.12507042253521128
157,36005035800,616,494,272,-122,-222,-0.19805194805194806,-0.4493927125506073
158,36005036100,41,138,95,97,-43,2.3658536585365852,-0.3115942028985507
159,36005036300,3949,5362,74620,1413,69258,0.35781210433021016,12.91644908616188
160,36005036501,1115,0,0,-1115,0,-1.0,
161,36005036502,1370,1063,662,-307,-401,-0.2240875912408759,-0.37723424270931327
162,36005036700,359,198,83,-161,-115,-0.44846796657381616,-0.5808080808080808
163,36005036901,904,894,284,-10,-610,-0.011061946902654867,-0.6823266219239373
164,36005036902,835,612,411,-223,-201,-0.26706586826347306,-0.3284313725490196
165,36005037100,14078,3952,4931,-10126,979,-0.7192783065776389,0.24772267206477733
166,36005037300,1526,778,546,-748,-232,-0.49017038007863695,-0.2982005141388175
167,36005037400,1087,415,272,-672,-143,-0.6182152713891444,-0.344578313253012
168,36005037504,1623,1373,729,-250,-644,-0.15403573629081946,-0.4690458849235251
169,36005037800,2800,1832,1426,-968,-406,-0.3457142857142857,-0.22161572052401746
170,36005037900,6826,1308,669,-5518,-639,-0.8083797245824788,-0.48853211009174313
171,36005038000,1,0,0,-1,0,-1.0,
172,36005038100,10911,20470,14339,9559,-6131,0.8760883512052058,-0.2995114802149487
173,36005038301,686,278,165,-408,-113,-0.5947521865889213,-0.4064748201438849
174,36005038302,2880,4122,2432,1242,-1690,0.43125,-0.40999514798641434
175,36005038500,1178,977,765,-201,-212,-0.17062818336162988,-0.21699078812691913
176,36005038600,658,476,255,-182,-221,-0.2765957446808511,-0.4642857142857143
177,36005038700,5284,3791,1473,-1493,-2318,-0.28255109765329295,-0.6114481667106304
178,36005038900,389,255,251,-134,-4,-0.3444730077120823,-0.01568627450980392
179,36005039000,19,9,8,-10,-1,-0.5263157894736842,-0.1111111111111111
180,36005039100,827,553,405,-274,-148,-0.3313180169286578,-0.26763110307414106
181,36005039500,1290,807,309,-483,-498,-0.3744186046511628,-0.6171003717472119
182,36005039700,40557,18669,20457,-21888,1788,-0.5396848879354982,0.0957737425678933
183,36005039800,208,158,61,-50,-97,-0.2403846153846154,-0.6139240506329114
184,36005039901,1007,656,406,-351,-250,-0.3485600794438927,-0.38109756097560976
185,36005039902,481,273,0,-208,-273,-0.43243243243243246,-1.0
186,36005040502,309,468,284,159,-184,0.5145631067961165,-0.39316239316239315
187,36005040600,251,173,104,-78,-69,-0.3107569721115538,-0.3988439306358382
188,36005040701,70,119,88,49,-31,0.7,-0.2605042016806723
189,36005040702,141,191,69,50,-122,0.3546099290780142,-0.6387434554973822
190,36005040900,12208,6140,2104,-6068,-4036,-0.4970511140235911,-0.657328990228013
191,36005041100,2518,1363,843,-1155,-520,-0.45869737887212075,-0.3815113719735877
192,36005041300,53,28,20,-25,-8,-0.4716981132075472,-0.2857142857142857
193,36005041400,642,405,249,-237,-156,-0.3691588785046729,-0.3851851851851852
194,36005041500,1121,862,438,-259,-424,-0.2310437109723461,-0.4918793503480278
195,36005041800,58,22,43,-36,21,-0.6206896551724138,0.9545454545454546
196,36005041900,218,115,150,-103,35,-0.4724770642201835,0.30434782608695654
197,36005042000,1010,815,337,-195,-478,-0.19306930693069307,-0.5865030674846625
198,36005042100,2166,1876,1536,-290,-340,-0.13388734995383195,-0.1812366737739872
199,36005042400,385,315,175,-70,-140,-0.18181818181818182,-0.4444444444444444
200,36005042500,5729,4179,2313,-1550,-1866,-0.2705533251876418,-0.44651830581478824
201,36005043100,958,402,400,-556,-2,-0.5803757828810021,-0.004975124378109453
202,36005043500,590,476,526,-114,50,-0.19322033898305085,0.10504201680672269
203,36005043600,123,154,32,31,-122,0.25203252032520324,-0.7922077922077922
204,36005045600,875,490,423,-385,-67,-0.44,-0.13673469387755102
205,36005045800,2521,1651,1044,-870,-607,-0.3451011503371678,-0.3676559660811629
206,36005046000,575,550,410,-25,-140,-0.043478260869565216,-0.2545454545454545
207,36005046201,23884,5623,3509,-18261,-2114,-0.7645704237146207,-0.37595589542948604
208,36005046202,798,391,364,-407,-27,-0.5100250626566416,-0.06905370843989769
209,36005048400,3899,6400,3233,2501,-3167,0.6414465247499359,-0.49484375
210,36005050400,3081,2389,2827,-692,438,-0.2246024018175917,0.18334030975303475
211,36005051600,505,487,466,-18,-21,-0.03564356435643564,-0.043121149897330596
212,36031960498,87,28,30,-59,2,-0.6781609195402298,0.07142857142857142
213,36047000100,1220,694,641,-526,-53,-0.4311475409836066,-0.07636887608069164
214,36047000200,51,25,18,-26,-7,-0.5098039215686274,-0.28
215,36047000301,926,571,489,-355,-82,-0.3833693304535637,-0.1436077057793345
216,36047000501,723,527,368,-196,-159,-0.2710926694329184,-0.301707779886148
217,36047000502,3,24,12,21,-12,7.0,-0.5
218,36047000700,3794,2431,1852,-1363,-579,-0.3592514496573537,-0.23817359111476757
219,36047000900,2851,1432,684,-1419,-748,-0.497720098211154,-0.5223463687150838
220,36047001100,8576,4683,1707,-3893,-2976,-0.45394123134328357,-0.6354900704676489
221,36047001300,16281,9804,5067,-6477,-4737,-0.39782568638290033,-0.4831701346389229
222,36047001500,7131,3137,1636,-3994,-1501,-0.5600897489833123,-0.47848262671342046
223,36047001800,3229,3351,3220,122,-131,0.03778259523072158,-0.03909280811698001
224,36047002100,9090,5104,3335,-3986,-1769,-0.43850385038503853,-0.3465909090909091
225,36047002200,769,648,480,-121,-168,-0.15734720416124837,-0.25925925925925924
226,36047002300,2809,1869,1343,-940,-526,-0.3346386614453542,-0.2814339218833601
227,36047003100,2795,1946,1228,-849,-718,-0.3037567084078712,-0.36896197327852004
228,36047003300,2492,1201,587,-1291,-614,-0.5180577849117175,-0.511240632805995
229,36047003400,1433,1401,1215,-32,-186,-0.022330774598743892,-0.13276231263383298
230,36047003700,862,278,322,-584,44,-0.6774941995359629,0.15827338129496402
231,36047003900,2735,1188,1064,-1547,-124,-0.5656307129798903,-0.10437710437710437
232,36047004300,690,383,239,-307,-144,-0.4449275362318841,-0.37597911227154046
233,36047004500,110,80,108,-30,28,-0.2727272727272727,0.35
234,36047004700,696,533,352,-163,-181,-0.23419540229885058,-0.3395872420262664
235,36047004900,480,283,192,-197,-91,-0.41041666666666665,-0.3215547703180212
236,36047005300,4454,3218,2709,-1236,-509,-0.27750336775931744,-0.1581727781230578
237,36047005601,430,496,541,66,45,0.15348837209302327,0.0907258064516129
238,36047005800,1,0,1,-1,1,-1.0,inf
239,36047005900,908,688,762,-220,74,-0.2422907488986784,0.10755813953488372
240,36047006000,162,84,138,-78,54,-0.48148148148148145,0.6428571428571429
241,36047006300,2692,2229,1965,-463,-264,-0.17199108469539376,-0.11843876177658143
243,36047006500,243,170,119,-73,-51,-0.3004115226337449,-0.3
244,36047006600,173,0,0,-173,0,-1.0,
245,36047006700,325,118,142,-207,24,-0.6369230769230769,0.2033898305084746
246,36047006900,372,253,76,-119,-177,-0.31989247311827956,-0.6996047430830039
247,36047007000,13523,22878,14897,9355,-7981,0.6917843673741034,-0.34885042398811084
248,36047007200,210,230,175,20,-55,0.09523809523809523,-0.2391304347826087
249,36047007400,719,529,262,-190,-267,-0.26425591098748263,-0.504725897920605
250,36047007500,201,188,182,-13,-6,-0.06467661691542288,-0.031914893617021274
251,36047007600,198,127,110,-71,-17,-0.35858585858585856,-0.13385826771653545
252,36047007700,374,281,256,-93,-25,-0.24866310160427807,-0.08896797153024912
253,36047008000,4,1,0,-3,-1,-0.75,-1.0
254,36047008200,866,543,351,-323,-192,-0.3729792147806005,-0.35359116022099446
255,36047008400,1198,821,490,-377,-331,-0.31469115191986646,-0.40316686967113274
256,36047009200,588,322,257,-266,-65,-0.4523809523809524,-0.20186335403726707
257,36047009600,1325,1181,725,-144,-456,-0.10867924528301887,-0.3861134631668078
258,36047010200,76,27,37,-49,10,-0.6447368421052632,0.37037037037037035
259,36047010600,10,4,3,-6,-1,-0.6,-0.25
260,36047011200,133,122,71,-11,-51,-0.08270676691729323,-0.4180327868852459
261,36047011400,359,252,407,-107,155,-0.298050139275766,0.6150793650793651
262,36047011600,1916,6028,9923,4112,3895,2.1461377870563676,0.6461512939615129
263,36047011700,826,719,727,-107,8,-0.12953995157384987,0.011126564673157162
264,36047011900,854,715,732,-139,17,-0.16276346604215455,0.023776223776223775
265,36047012000,1973,1138,1328,-835,190,-0.4232133806386214,0.16695957820738136
266,36047012100,286,241,217,-45,-24,-0.15734265734265734,-0.0995850622406639
267,36047012801,1592,1401,1123,-191,-278,-0.1199748743718593,-0.198429693076374
268,36047012901,141,111,68,-30,-43,-0.2127659574468085,-0.38738738738738737
269,36047012902,56,0,0,-56,0,-1.0,
270,36047013100,38,22,13,-16,-9,-0.42105263157894735,-0.4090909090909091
271,36047013200,2235,1747,1213,-488,-534,-0.21834451901565996,-0.3056668574699485
272,36047013300,318,117,150,-201,33,-0.6320754716981132,0.28205128205128205
273,36047013400,97,84,42,-13,-42,-0.13402061855670103,-0.5
274,36047013500,2998,1943,1485,-1055,-458,-0.35190126751167444,-0.2357179619145651
275,36047013600,191,111,83,-80,-28,-0.418848167539267,-0.25225225225225223
276,36047013700,62,22,28,-40,6,-0.6451612903225806,0.2727272727272727
277,36047013800,42,65,70,23,5,0.5476190476190477,0.07692307692307693
278,36047013900,178,68,0,-110,-68,-0.6179775280898876,-1.0
279,36047014100,536,275,0,-261,-275,-0.4869402985074627,-1.0
280,36047014200,1124,1001,827,-123,-174,-0.1094306049822064,-0.17382617382617382
281,36047014300,611,259,212,-352,-47,-0.5761047463175123,-0.18146718146718147
282,36047014700,1152,649,277,-503,-372,-0.4366319444444444,-0.5731895223420647
283,36047014800,2770,1184,515,-1586,-669,-0.5725631768953069,-0.5650337837837838
284,36047014900,1011,631,461,-380,-170,-0.3758654797230465,-0.2694136291600634
285,36047015000,21,41,13,20,-28,0.9523809523809523,-0.6829268292682927
286,36047015200,2537,1342,1094,-1195,-248,-0.47102877414268823,-0.18479880774962743
287,36047015300,2505,1667,950,-838,-717,-0.3345309381237525,-0.4301139772045591
288,36047015400,2882,5165,3693,2283,-1472,0.7921582234559333,-0.28499515972894485
289,36047015500,171,119,59,-52,-60,-0.30409356725146197,-0.5042016806722689
290,36047015900,7977,9607,842,1630,-8765,0.20433747022690235,-0.9123555740605809
291,36047016000,495,461,481,-34,20,-0.06868686868686869,0.04338394793926247
292,36047016200,563,470,334,-93,-136,-0.16518650088809947,-0.28936170212765955
294,36047016400,1074,840,854,-234,14,-0.21787709497206703,0.016666666666666666
295,36047016700,4,2,0,-2,-2,-0.5,-1.0
296,36047016900,263,214,153,-49,-61,-0.18631178707224336,-0.2850467289719626
297,36047017000,11,21,12,10,-9,0.9090909090909091,-0.42857142857142855
298,36047017400,876,955,678,79,-277,0.09018264840182648,-0.2900523560209424
299,36047017700,28638,31354,28454,2716,-2900,0.0948390250715832,-0.09249218600497544
300,36047017900,652,452,334,-200,-118,-0.3067484662576687,-0.2610619469026549
301,36047019100,3280,7723,21958,4443,14235,1.3545731707317072,1.8431956493590573
302,36047019300,1601,1493,481,-108,-1012,-0.06745783885071831,-0.6778298727394507
303,36047019500,132,80,40,-52,-40,-0.3939393939393939,-0.5
304,36047019700,1185,781,607,-404,-174,-0.3409282700421941,-0.22279129321382843
306,36047020700,112,73,70,-39,-3,-0.3482142857142857,-0.0410958904109589
307,36047021000,10,6,3,-4,-3,-0.4,-0.5
308,36047021100,2766,1645,1117,-1121,-528,-0.40527838033261027,-0.3209726443768997
309,36047021300,1767,968,477,-799,-491,-0.45217883418222976,-0.5072314049586777
310,36047021400,16,7,8,-9,1,-0.5625,0.14285714285714285
311,36047021500,226,174,139,-52,-35,-0.23008849557522124,-0.20114942528735633
312,36047021700,60,0,0,-60,0,-1.0,
313,36047021900,22,22,11,0,-11,0.0,-0.5
314,36047022000,149,102,77,-47,-25,-0.31543624161073824,-0.24509803921568626
315,36047022100,792,400,306,-392,-94,-0.494949494949495,-0.235
316,36047022200,2,4,2,2,-2,1.0,-0.5
317,36047022600,11,35,39,24,4,2.1818181818181817,0.11428571428571428
318,36047022700,631,571,280,-60,-291,-0.09508716323296355,-0.5096322241681261
319,36047023200,467,174,143,-293,-31,-0.6274089935760171,-0.1781609195402299
320,36047023300,110,224,163,114,-61,1.0363636363636364,-0.27232142857142855
321,36047023400,168,144,111,-24,-33,-0.14285714285714285,-0.22916666666666666
322,36047023600,431,300,235,-131,-65,-0.3039443155452436,-0.21666666666666667
323,36047024100,390,234,84,-156,-150,-0.4,-0.6410256410256411
324,36047024200,146,158,110,12,-48,0.0821917808219178,-0.3037974683544304
325,36047024300,291,151,225,-140,74,-0.48109965635738833,0.4900662251655629
326,36047024400,8,12,12,4,0,0.5,0.0
327,36047024500,682,510,297,-172,-213,-0.25219941348973607,-0.4176470588235294
329,36047024800,639,505,444,-134,-61,-0.20970266040688576,-0.12079207920792079
330,36047024900,911,488,66,-423,-422,-0.4643249176728869,-0.8647540983606558
331,36047025000,1636,1250,741,-386,-509,-0.23594132029339854,-0.4072
332,36047025300,508,254,169,-254,-85,-0.5,-0.3346456692913386
333,36047025400,1,1,0,0,-1,0.0,-1.0
334,36047025600,135,413,317,278,-96,2.0592592592592593,-0.2324455205811138
335,36047025700,1814,828,362,-986,-466,-0.5435501653803748,-0.5628019323671497
336,36047025901,447,173,204,-274,31,-0.6129753914988815,0.1791907514450867
337,36047026000,314,291,188,-23,-103,-0.0732484076433121,-0.3539518900343643
338,36047026100,460,264,186,-196,-78,-0.4260869565217391,-0.29545454545454547
339,36047026200,1635,989,799,-646,-190,-0.39510703363914373,-0.19211324570273003
340,36047026300,767,463,489,-304,26,-0.3963494132985658,0.056155507559395246
341,36047026700,87,37,14,-50,-23,-0.5747126436781609,-0.6216216216216216
342,36047027100,1584,1067,605,-517,-462,-0.3263888888888889,-0.4329896907216495
343,36047027300,320,199,67,-121,-132,-0.378125,-0.6633165829145728
344,36047027500,251,180,0,-71,-180,-0.28286852589641437,-1.0
345,36047027600,265,178,153,-87,-25,-0.3283018867924528,-0.1404494382022472
346,36047027800,1087,919,702,-168,-217,-0.1545538178472861,-0.23612622415669204
347,36047027900,537,407,229,-130,-178,-0.24208566108007448,-0.43734643734643736
348,36047028100,823,624,329,-199,-295,-0.24179829890643986,-0.47275641025641024
349,36047028300,1105,856,357,-249,-499,-0.2253393665158371,-0.5829439252336449
350,36047028700,224,103,65,-121,-38,-0.5401785714285714,-0.36893203883495146
351,36047028800,20,27,14,7,-13,0.35,-0.48148148148148145
352,36047028900,1371,960,589,-411,-371,-0.29978118161925604,-0.38645833333333335
353,36047029300,1730,849,401,-881,-448,-0.5092485549132948,-0.5276796230859835
354,36047029600,53,124,98,71,-26,1.3396226415094339,-0.20967741935483872
355,36047029700,1689,1032,311,-657,-721,-0.38898756660746003,-0.6986434108527132
356,36047029800,343,0,0,-343,0,-1.0,
357,36047030000,4290,1975,1885,-2315,-90,-0.5396270396270396,-0.04556962025316456
358,36047030100,430,352,247,-78,-105,-0.1813953488372093,-0.29829545454545453
359,36047030200,353,301,164,-52,-137,-0.14730878186968838,-0.45514950166112955
360,36047030300,1968,1440,710,-528,-730,-0.2682926829268293,-0.5069444444444444
361,36047030400,5668,6181,3715,513,-2466,0.09050811573747354,-0.39896456883999354
362,36047030500,260,138,69,-122,-69,-0.46923076923076923,-0.5
363,36047030600,239,295,225,56,-70,0.23430962343096234,-0.23728813559322035
364,36047030700,382,385,247,3,-138,0.007853403141361256,-0.35844155844155845
365,36047030800,768,663,550,-105,-113,-0.13671875,-0.17043740573152338
366,36047031400,3024,2799,3176,-225,377,-0.0744047619047619,0.13469096105752054
367,36047031500,335,230,75,-105,-155,-0.31343283582089554,-0.6739130434782609
368,36047031701,333,233,107,-100,-126,-0.3003003003003003,-0.5407725321888412
370,36047031900,6136,3645,2033,-2491,-1612,-0.40596479791395046,-0.4422496570644719
371,36047032100,7723,10401,291,2678,-10110,0.34675644179722903,-0.9720219209691375
372,36047032600,801,823,897,22,74,0.02746566791510612,0.0899149453219927
373,36047032800,515,523,338,8,-185,0.015533980582524271,-0.35372848948374763
374,36047032900,168,85,56,-83,-29,-0.49404761904761907,-0.3411764705882353
375,36047033600,783,561,506,-222,-55,-0.2835249042145594,-0.09803921568627451
376,36047033900,427,258,238,-169,-20,-0.3957845433255269,-0.07751937984496124
377,36047034000,1358,749,465,-609,-284,-0.4484536082474227,-0.37917222963951935
378,36047034200,2165,1436,828,-729,-608,-0.33672055427251735,-0.4233983286908078
379,36047034300,978,493,261,-485,-232,-0.49591002044989774,-0.47058823529411764
380,36047034500,6,3,3,-3,0,-0.5,0.0
381,36047034900,4,4,1,0,-3,0.0,-0.75
382,36047035100,4903,2344,1267,-2559,-1077,-0.521925351825413,-0.45947098976109213
383,36047035200,2018,1625,1454,-393,-171,-0.19474727452923687,-0.10523076923076922
384,36047035300,940,489,244,-451,-245,-0.4797872340425532,-0.5010224948875256
385,36047035400,1298,1320,1554,22,234,0.01694915254237288,0.17727272727272728
386,36047035700,3474,2096,1370,-1378,-726,-0.39666090961427747,-0.3463740458015267
387,36047036001,2,0,0,-2,0,-1.0,
388,36047036100,2920,1899,1247,-1021,-652,-0.34965753424657536,-0.3433385992627699
389,36047036200,89,54,95,-35,41,-0.39325842696629215,0.7592592592592593
390,36047036300,1980,1286,817,-694,-469,-0.3505050505050505,-0.36469673405909797
391,36047036400,530,460,529,-70,69,-0.1320754716981132,0.15
392,36047036501,350,124,20,-226,-104,-0.6457142857142857,-0.8387096774193549
393,36047036700,13321,6732,3393,-6589,-3339,-0.49463253509496286,-0.4959893048128342
394,36047036900,1243,722,454,-521,-268,-0.41914722445695896,-0.37119113573407203
395,36047037000,1508,1130,740,-378,-390,-0.2506631299734748,-0.34513274336283184
396,36047037100,1495,1358,911,-137,-447,-0.09163879598662207,-0.329160530191458
397,36047037402,1623,1720,1668,97,-52,0.05976586568083796,-0.030232558139534883
398,36047037500,124,65,72,-59,7,-0.47580645161290325,0.1076923076923077
399,36047037700,280,0,0,-280,0,-1.0,
400,36047038100,237,81,64,-156,-17,-0.6582278481012658,-0.20987654320987653
401,36047038200,1296,911,494,-385,-417,-0.2970679012345679,-0.45773874862788144
402,36047038300,369,273,166,-96,-107,-0.2601626016260163,-0.39194139194139194
403,36047038500,322,139,121,-183,-18,-0.5683229813664596,-0.12949640287769784
404,36047038600,685,792,532,107,-260,0.1562043795620438,-0.3282828282828283
405,36047038700,5,0,1,-5,1,-1.0,inf
406,36047038800,1990,1080,1065,-910,-15,-0.457286432160804,-0.013888888888888888
407,36047038900,1540,1350,903,-190,-447,-0.12337662337662338,-0.33111111111111113
408,36047039300,1075,474,451,-601,-23,-0.5590697674418604,-0.04852320675105485
409,36047039500,783,470,246,-313,-224,-0.3997445721583653,-0.4765957446808511
410,36047039700,2001,1125,688,-876,-437,-0.43778110944527737,-0.3884444444444444
411,36047039800,33,26,25,-7,-1,-0.21212121212121213,-0.038461538461538464
412,36047040100,144,113,61,-31,-52,-0.2152777777777778,-0.46017699115044247
413,36047040200,1926,1346,1169,-580,-177,-0.3011422637590862,-0.13150074294205052
415,36047040500,549,355,243,-194,-112,-0.3533697632058288,-0.3154929577464789
417,36047041000,71,69,67,-2,-2,-0.028169014084507043,-0.028985507246376812
418,36047041200,4,5,1,1,-4,0.25,-0.8
419,36047041401,1624,1108,1015,-516,-93,-0.31773399014778325,-0.08393501805054152
420,36047041402,290,213,193,-77,-20,-0.2655172413793103,-0.09389671361502347
421,36047041500,5,26,4,21,-22,4.2,-0.8461538461538461
422,36047041700,1263,629,512,-634,-117,-0.5019794140934284,-0.18600953895071543
423,36047041800,26196,31974,19663,5778,-12311,0.22056802565277142,-0.38503158816538435
424,36047042300,846,603,255,-243,-348,-0.2872340425531915,-0.5771144278606966
425,36047042800,1262,1125,892,-137,-233,-0.10855784469096671,-0.2071111111111111
426,36047042900,23263,62753,730,39490,-62023,1.6975454584533378,-0.9883670900196007
427,36047043000,3108,3088,2456,-20,-632,-0.006435006435006435,-0.20466321243523317
428,36047043200,733,669,545,-64,-124,-0.08731241473396999,-0.18535127055306427
429,36047043300,1659,842,507,-817,-335,-0.4924653405666064,-0.3978622327790974
430,36047043500,892,605,549,-287,-56,-0.3217488789237668,-0.09256198347107437
431,36047043700,876,644,459,-232,-185,-0.2648401826484018,-0.28726708074534163
432,36047043800,759,597,577,-162,-20,-0.2134387351778656,-0.03350083752093802
433,36047044000,63,71,55,8,-16,0.12698412698412698,-0.22535211267605634
434,36047044100,424,272,161,-152,-111,-0.3584905660377358,-0.40808823529411764
435,36047044200,1,8,7,7,-1,7.0,-0.125
436,36047044300,454,341,190,-113,-151,-0.2488986784140969,-0.44281524926686217
437,36047044400,96,113,84,17,-29,0.17708333333333334,-0.25663716814159293
438,36047044500,629,448,425,-181,-23,-0.287758346581876,-0.05133928571428571
439,36047044700,176,106,184,-70,78,-0.3977272727272727,0.7358490566037735
440,36047044800,53,71,30,18,-41,0.33962264150943394,-0.5774647887323944
441,36047044900,2355,1796,1630,-559,-166,-0.23736730360934183,-0.09242761692650334
442,36047045300,150,90,44,-60,-46,-0.4,-0.5111111111111111
443,36047045600,105,95,224,-10,129,-0.09523809523809523,1.3578947368421053
444,36047046000,2525,1611,984,-914,-627,-0.36198019801980197,-0.3891992551210428
445,36047046202,8,5,1,-3,-4,-0.375,-0.8
446,36047046800,788,636,527,-152,-109,-0.19289340101522842,-0.17138364779874213
447,36047047600,40,9,1,-31,-8,-0.775,-0.8888888888888888
448,36047048400,12,0,0,-12,0,-1.0,
449,36047048500,1398,892,514,-506,-378,-0.36194563662374823,-0.42376681614349776
450,36047049000,62,16,12,-46,-4,-0.7419354838709677,-0.25
451,36047049100,1,0,3,-1,3,-1.0,inf
452,36047049200,184,385,96,201,-289,1.0923913043478262,-0.7506493506493507
453,36047049400,18,86,35,68,-51,3.7777777777777777,-0.5930232558139535
454,36047049500,13,8,10,-5,2,-0.38461538461538464,0.25
455,36047049900,434,282,208,-152,-74,-0.35023041474654376,-0.2624113475177305
456,36047050000,1061,773,1027,-288,254,-0.2714420358152686,0.32858990944372574
457,36047050100,590,250,263,-340,13,-0.576271186440678,0.052
458,36047050202,101,77,53,-24,-24,-0.2376237623762376,-0.3116883116883117
459,36047050300,78,178,83,100,-95,1.2820512820512822,-0.5337078651685393
460,36047050600,984,605,390,-379,-215,-0.3851626016260163,-0.35537190082644626
461,36047050803,373,244,164,-129,-80,-0.34584450402144773,-0.32786885245901637
462,36047051001,2676,1682,899,-994,-783,-0.37144992526158443,-0.46551724137931033
463,36047051002,491,313,169,-178,-144,-0.3625254582484725,-0.46006389776357826
464,36047051100,52,36,15,-16,-21,-0.3076923076923077,-0.5833333333333334
465,36047051200,747,270,296,-477,26,-0.6385542168674698,0.0962962962962963
466,36047051300,298,195,174,-103,-21,-0.34563758389261745,-0.1076923076923077
467,36047051400,1114,513,586,-601,73,-0.5394973070017953,0.14230019493177387
468,36047051500,1090,1185,1234,95,49,0.0871559633027523,0.04135021097046414
469,36047051700,363,196,208,-167,12,-0.46005509641873277,0.061224489795918366
470,36047051900,15,9,4,-6,-5,-0.4,-0.5555555555555556
471,36047052000,71,33,13,-38,-20,-0.5352112676056338,-0.6060606060606061
472,36047052300,493,446,436,-47,-10,-0.09533468559837728,-0.02242152466367713
473,36047052500,14734,23271,13600,8537,-9671,0.5794081715759468,-0.4155816251987452
474,36047052700,2755,369,149,-2386,-220,-0.8660617059891107,-0.5962059620596206
475,36047052900,549,176,122,-373,-54,-0.6794171220400729,-0.3068181818181818
476,36047053100,301,162,196,-139,34,-0.46179401993355484,0.20987654320987653
477,36047053400,120,96,105,-24,9,-0.2,0.09375
478,36047053500,321,178,222,-143,44,-0.4454828660436137,0.24719101123595505
479,36047053700,518,291,350,-227,59,-0.43822393822393824,0.2027491408934708
480,36047053800,4124,3016,1011,-1108,-2005,-0.26867119301648884,-0.6647877984084881
481,36047053900,29,25,17,-4,-8,-0.13793103448275862,-0.32
482,36047054200,34,25,28,-9,3,-0.2647058823529412,0.12
483,36047054300,2110,1508,1336,-602,-172,-0.2853080568720379,-0.11405835543766578
484,36047054600,1371,1236,844,-135,-392,-0.09846827133479212,-0.31715210355987056
485,36047054700,269,120,185,-149,65,-0.5539033457249071,0.5416666666666666
486,36047054900,335,81,81,-254,0,-0.7582089552238805,0.0
487,36047055100,664,243,261,-421,18,-0.6340361445783133,0.07407407407407407
488,36047055300,889,512,456,-377,-56,-0.42407199100112486,-0.109375
489,36047055400,1728,732,1310,-996,578,-0.5763888888888888,0.7896174863387978
490,36047055500,2669,986,1074,-1683,88,-0.6305732484076433,0.08924949290060852
491,36047055600,1610,1327,1283,-283,-44,-0.17577639751552795,-0.033157498116051246
492,36047055700,724,442,657,-282,215,-0.38950276243093923,0.48642533936651583
493,36047056100,143,122,80,-21,-42,-0.14685314685314685,-0.3442622950819672
494,36047056200,430,270,305,-160,35,-0.37209302325581395,0.12962962962962962
495,36047056300,953,663,778,-290,115,-0.304302203567681,0.17345399698340874
496,36047056400,335,240,264,-95,24,-0.2835820895522388,0.1
497,36047056500,126,149,87,23,-62,0.18253968253968253,-0.4161073825503356
498,36047056900,305,192,231,-113,39,-0.3704918032786885,0.203125
499,36047057000,1021,653,602,-368,-51,-0.3604309500489716,-0.0781010719754977
500,36047057100,60,14,25,-46,11,-0.7666666666666667,0.7857142857142857
501,36047057300,24,18,23,-6,5,-0.25,0.2777777777777778
502,36047057400,443,498,497,55,-1,0.12415349887133183,-0.002008032128514056
504,36047057900,1461,1164,776,-297,-388,-0.2032854209445585,-0.3333333333333333
505,36047058000,387,215,135,-172,-80,-0.4444444444444444,-0.37209302325581395
506,36047058200,16,16,0,0,-16,0.0,-1.0
507,36047058800,773,579,586,-194,7,-0.25097024579560157,0.012089810017271158
508,36047058900,220,141,145,-79,4,-0.35909090909090907,0.028368794326241134
509,36047059000,433,291,176,-142,-115,-0.3279445727482679,-0.3951890034364261
510,36047059100,14929,21709,439,6780,-21270,0.4541496416370822,-0.9797779722695656
511,36047059200,7,0,0,-7,0,-1.0,
512,36047059300,58,55,46,-3,-9,-0.05172413793103448,-0.16363636363636364
513,36047059401,1498,1610,1951,112,341,0.07476635514018691,0.21180124223602484
514,36047060000,1001,890,683,-111,-207,-0.1108891108891109,-0.23258426966292134
515,36047060600,1406,1064,990,-342,-74,-0.24324324324324326,-0.06954887218045112
516,36047060800,30221,31769,22059,1548,-9710,0.05122265973991595,-0.3056438666624697
517,36047061002,796,947,693,151,-254,0.18969849246231155,-0.2682154171066526
518,36047061004,627,381,300,-246,-81,-0.3923444976076555,-0.2125984251968504
519,36047061200,2250,2065,2284,-185,219,-0.08222222222222222,0.10605326876513317
520,36047061600,5058,3920,3757,-1138,-163,-0.22499011466982996,-0.041581632653061223
521,36047062600,743,649,886,-94,237,-0.126514131897712,0.36517719568567025
522,36047063200,246,405,287,159,-118,0.6463414634146342,-0.291358024691358
523,36047064600,713,479,211,-234,-268,-0.3281907433380084,-0.5594989561586639
524,36047065800,5,5,5,0,0,0.0,0.0
525,36047066000,200,203,250,3,47,0.015,0.2315270935960591
526,36047066600,9215,9145,10271,-70,1126,-0.007596310363537711,0.1231273920174959
527,36047067200,3809,6304,9742,2495,3438,0.655027566290365,0.5453680203045685
528,36047068600,402,414,327,12,-87,0.029850746268656716,-0.21014492753623187
529,36047069000,3,5,1,2,-4,0.6666666666666666,-0.8
530,36047069601,465,386,340,-79,-46,-0.16989247311827957,-0.11917098445595854
531,36047069602,1254,1406,671,152,-735,0.12121212121212122,-0.5227596017069701
532,36047069800,2519,1041,1210,-1478,169,-0.5867407701468836,0.16234390009606148
533,36047070000,21,19,15,-2,-4,-0.09523809523809523,-0.21052631578947367
534,36047070201,2642,1421,1835,-1221,414,-0.4621498864496594,0.29134412385643915
535,36047070202,384,152,330,-232,178,-0.6041666666666666,1.1710526315789473
536,36047070600,1629,1439,2082,-190,643,-0.11663597298956414,0.44683808200138986
537,36047073400,2910,9081,568,6171,-8513,2.120618556701031,-0.9374518224865103
538,36047074600,794,679,407,-115,-272,-0.14483627204030228,-0.4005891016200295
539,36047074800,1009,690,710,-319,20,-0.31615460852329036,0.028985507246376812
540,36047076800,371,262,155,-109,-107,-0.29380053908355797,-0.4083969465648855
541,36047077200,1476,1301,54,-175,-1247,-0.11856368563685638,-0.9584934665641814
542,36047077400,3,4,0,1,-4,0.3333333333333333,-1.0
543,36047077600,13,2,1,-11,-1,-0.8461538461538461,-0.5
544,36047078200,1983,1363,916,-620,-447,-0.31265758951084216,-0.32795304475421866
545,36047078600,340,186,101,-154,-85,-0.45294117647058824,-0.45698924731182794
546,36047078800,3525,1585,1159,-1940,-426,-0.550354609929078,-0.26876971608832806
548,36047079802,837,514,261,-323,-253,-0.3859020310633214,-0.49221789883268485
549,36047080000,87,30,26,-57,-4,-0.6551724137931034,-0.13333333333333333
550,36047080200,855,400,258,-455,-142,-0.5321637426900585,-0.355
551,36047080400,1327,788,657,-539,-131,-0.40617935192162774,-0.16624365482233502
552,36047080800,1022,1132,1085,110,-47,0.10763209393346379,-0.04151943462897526
553,36047081400,1157,748,696,-409,-52,-0.35350043215211757,-0.06951871657754011
554,36047081600,479,257,157,-222,-100,-0.46346555323590816,-0.38910505836575876
555,36047082400,11997,2313,5092,-9684,2779,-0.8072018004501126,1.201469952442715
556,36047082800,1072,757,479,-315,-278,-0.29384328358208955,-0.36723910171730517
557,36047083000,343,245,336,-98,91,-0.2857142857142857,0.37142857142857144
558,36047083600,477,253,284,-224,31,-0.469601677148847,0.1225296442687747
559,36047083800,605,376,309,-229,-67,-0.3785123966942149,-0.17819148936170212
560,36047084000,604,392,325,-212,-67,-0.3509933774834437,-0.17091836734693877
561,36047084800,13,1,1,-12,0,-0.9230769230769231,0.0
562,36047086000,5,5,1,0,-4,0.0,-0.8
564,36047088200,347,212,101,-135,-111,-0.38904899135446686,-0.5235849056603774
565,36047088800,1,0,0,-1,0,-1.0,
566,36047089000,6541,4052,2500,-2489,-1552,-0.3805228558324415,-0.3830207305034551
567,36047089200,242,176,111,-66,-65,-0.2727272727272727,-0.3693181818181818
568,36047090000,864,808,349,-56,-459,-0.06481481481481481,-0.568069306930693
569,36047090200,136,217,109,81,-108,0.5955882352941176,-0.4976958525345622
570,36047090800,1683,899,651,-784,-248,-0.46583481877599525,-0.27586206896551724
571,36047091000,387,273,151,-114,-122,-0.29457364341085274,-0.4468864468864469
572,36047091200,2354,1564,898,-790,-666,-0.33559898045879355,-0.4258312020460358
573,36047091800,448,250,175,-198,-75,-0.4419642857142857,-0.3
574,36047092000,163,96,75,-67,-21,-0.4110429447852761,-0.21875
575,36047092400,3203,1777,1242,-1426,-535,-0.4452076178582579,-0.30106921778277995
576,36047093400,256,209,118,-47,-91,-0.18359375,-0.4354066985645933
577,36047094401,270,95,58,-175,-37,-0.6481481481481481,-0.3894736842105263
578,36047094600,834,578,447,-256,-131,-0.3069544364508393,-0.22664359861591696
579,36047095000,89,62,34,-27,-28,-0.30337078651685395,-0.45161290322580644
580,36047095600,1021,681,396,-340,-285,-0.3330068560235064,-0.4185022026431718
581,36047095800,54,51,34,-3,-17,-0.05555555555555555,-0.3333333333333333
582,36047096000,608,699,554,91,-145,0.14967105263157895,-0.20743919885550788
583,36047096400,1059,731,486,-328,-245,-0.3097261567516525,-0.33515731874145005
584,36047096800,162,1,2,-161,1,-0.9938271604938271,1.0
585,36047097400,1640,1106,581,-534,-525,-0.325609756097561,-0.47468354430379744
586,36047098400,244,103,103,-141,0,-0.5778688524590164,0.0
587,36047098600,848,545,278,-303,-267,-0.357311320754717,-0.48990825688073397
588,36047098800,1129,613,318,-516,-295,-0.45704162976085033,-0.4812398042414356
589,36047099000,198,165,173,-33,8,-0.16666666666666666,0.048484848484848485
590,36047099800,4619,2885,2666,-1734,-219,-0.37540593201991773,-0.07590987868284228
591,36047102800,22480,14600,13977,-7880,-623,-0.3505338078291815,-0.04267123287671233
592,36047103400,27,25,35,-2,10,-0.07407407407407407,0.4
593,36047105801,4432,3897,2776,-535,-1121,-0.12071299638989169,-0.2876571721837311
594,36047105804,2380,1560,1093,-820,-467,-0.3445378151260504,-0.29935897435897435
595,36047107000,5556,4291,4475,-1265,184,-0.22768178545716342,0.042880447448147285
596,36047107800,1533,1253,811,-280,-442,-0.182648401826484,-0.35275339185953714
597,36047110400,3401,1591,1078,-1810,-513,-0.5321964128197589,-0.322438717787555
598,36047111600,331,612,418,281,-194,0.8489425981873112,-0.31699346405228757
599,36047111800,1017,719,236,-298,-483,-0.29301868239921336,-0.6717663421418637
600,36047112000,1390,661,473,-729,-188,-0.5244604316546763,-0.2844175491679274
601,36047112400,346,128,104,-218,-24,-0.630057803468208,-0.1875
602,36047114201,1806,1207,720,-599,-487,-0.33167220376522705,-0.40347970173985087
603,36047114400,33894,34152,47331,258,13179,0.007611966719773411,0.38589248067463106
605,36047115800,158,133,68,-25,-65,-0.15822784810126583,-0.48872180451127817
606,36047116000,1221,700,579,-521,-121,-0.4266994266994267,-0.17285714285714285
607,36047116200,358,324,257,-34,-67,-0.09497206703910614,-0.20679012345679013
608,36047116400,784,480,272,-304,-208,-0.3877551020408163,-0.43333333333333335
609,36047116800,433,284,114,-149,-170,-0.3441108545034642,-0.5985915492957746
610,36047117000,33,22,6,-11,-16,-0.3333333333333333,-0.7272727272727273
611,36047117601,523,356,225,-167,-131,-0.3193116634799235,-0.36797752808988765
612,36047117800,953,608,420,-345,-188,-0.3620146904512067,-0.3092105263157895
613,36047118000,137,75,61,-62,-14,-0.45255474452554745,-0.18666666666666668
614,36047118201,1044,676,423,-368,-253,-0.3524904214559387,-0.3742603550295858
615,36047118800,482,580,181,98,-399,0.2033195020746888,-0.6879310344827586
616,36047119000,94,64,32,-30,-32,-0.3191489361702128,-0.5
617,36047119200,363,276,182,-87,-94,-0.2396694214876033,-0.34057971014492755
618,36047119600,45159,49442,67817,4283,18375,0.09484266702097036,0.3716475870717204
620,36047121000,1985,4779,1365,2794,-3414,1.4075566750629722,-0.714375392341494
621,36047122000,1801,1377,1231,-424,-146,-0.2354247640199889,-0.10602759622367465
622,36047123700,358,233,113,-125,-120,-0.34916201117318435,-0.5150214592274678
623,36047150200,844,504,390,-340,-114,-0.4028436018957346,-0.2261904761904762
624,36055012306,70,3,2,-67,-1,-0.9571428571428572,-0.3333333333333333
625,36059301900,327,183,206,-144,23,-0.44036697247706424,0.12568306010928962
626,36061000100,14609,4261,1429,-10348,-2832,-0.7083304812102129,-0.6646327153250411
627,36061000201,8345,5632,3664,-2713,-1968,-0.3251048532055123,-0.3494318181818182
628,36061000202,12236,10579,5707,-1657,-4872,-0.13542007191892774,-0.4605350222138198
629,36061000500,2272,1460,791,-812,-669,-0.3573943661971831,-0.45821917808219176
630,36061000600,27033,14985,11347,-12048,-3638,-0.44567750527133504,-0.2427761094427761
631,36061000700,92658,39797,20046,-52861,-19751,-0.5704958017656327,-0.49629369047918187
632,36061000800,31541,17746,14094,-13795,-3652,-0.43736723629561525,-0.205792854727826
633,36061000900,155607,62498,26743,-93109,-35755,-0.5983599709524636,-0.5720983071458287
634,36061001001,2684,1615,1451,-1069,-164,-0.39828614008941876,-0.10154798761609907
635,36061001002,9365,5516,3706,-3849,-1810,-0.41099839829151097,-0.32813633067440173
636,36061001200,7451,4649,3308,-2802,-1341,-0.3760569051134076,-0.28844912884491286
637,36061001300,198145,80695,34184,-117450,-46511,-0.5927477352443917,-0.5763801970382304
638,36061001401,11923,44212,12306,32289,-31906,2.708127149207414,-0.7216592780240658
639,36061001402,18197,10653,6841,-7544,-3812,-0.4145738308512392,-0.3578334741387403
640,36061001501,71220,33512,19300,-37708,-14212,-0.5294580174108396,-0.42408689424683693
641,36061001502,98198,45131,23874,-53067,-21257,-0.5404081549522394,-0.4710066251578737
642,36061001600,38446,19483,15845,-18963,-3638,-0.4932372678562139,-0.18672689010932608
643,36061001800,51376,24552,15914,-26824,-8638,-0.5221114917471192,-0.35182469859889215
644,36061002000,4553,3237,2399,-1316,-838,-0.2890401932791566,-0.25888168056842753
645,36061002100,105304,47271,19860,-58033,-27411,-0.5510996733267493,-0.5798692644538935
646,36061002201,26911,12968,9251,-13943,-3717,-0.5181152688491695,-0.28662862430598396
647,36061002202,6605,4029,2829,-2576,-1200,-0.3900075700227101,-0.29784065524944153
648,36061002400,3264,2949,1922,-315,-1027,-0.09650735294117647,-0.34825364530349273
649,36061002500,6029,6391,2146,362,-4245,0.060043124896334385,-0.6642153027695197
650,36061002601,7148,5157,3228,-1991,-1929,-0.2785394515948517,-0.3740546829552065
651,36061002602,9235,5629,3841,-3606,-1788,-0.39047103410936657,-0.3176407887724285
652,36061002700,9115,42442,8750,33327,-33692,3.656280855732309,-0.7938362942368409
653,36061002800,19023,8405,5332,-10618,-3073,-0.5581664301109184,-0.3656157049375372
654,36061002900,107436,157110,24782,49674,-132328,0.46235898581481066,-0.8422633823435809
655,36061003001,30840,10623,7620,-20217,-3003,-0.6555447470817121,-0.2826885060717311
656,36061003002,8223,4449,2906,-3774,-1543,-0.4589565851878876,-0.3468195100022477
657,36061003100,209756,183035,72025,-26721,-111010,-0.1273908732050573,-0.6064960253503429
658,36061003200,35044,19546,14164,-15498,-5382,-0.4422440360689419,-0.2753504553361302
659,36061003300,81179,36055,23870,-45124,-12185,-0.5558580421044852,-0.3379559007072528
660,36061003400,25006,16605,11024,-8401,-5581,-0.3359593697512597,-0.3361035832580548
661,36061003601,14521,6065,3824,-8456,-2241,-0.5823290406996763,-0.36949711459192086
662,36061003602,15454,6648,4606,-8806,-2042,-0.5698201112980458,-0.3071600481347774
663,36061003700,70510,29162,19421,-41348,-9741,-0.5864132747128067,-0.33403058775118305
664,36061003800,43026,17230,14508,-25796,-2722,-0.5995444614884023,-0.1579802669762043
665,36061003900,53504,23491,13858,-30013,-9633,-0.5609487141148325,-0.41007194244604317
666,36061004000,30556,12987,10444,-17569,-2543,-0.5749770912423092,-0.1958111958111958
667,36061004100,65827,27586,25014,-38241,-2572,-0.5809318364804715,-0.09323569926774451
668,36061004200,29714,14223,8201,-15491,-6022,-0.5213367436225348,-0.4233987203824791
669,36061004300,38931,14090,10241,-24841,-3849,-0.6380776245151678,-0.2731724627395316
670,36061004400,18250,12650,9516,-5600,-3134,-0.30684931506849317,-0.24774703557312253
671,36061004500,37051,13162,8525,-23889,-4637,-0.6447599255080835,-0.3523020817504938
672,36061004700,34893,12945,13352,-21948,407,-0.6290086836901384,0.031440710699111626
673,36061004800,34642,18855,12453,-15787,-6402,-0.4557184920039259,-0.33953858392999203
674,36061004900,48410,15794,13283,-32616,-2511,-0.6737450939888453,-0.1589844244649867
675,36061005000,68972,28566,11934,-40406,-16632,-0.585831931798411,-0.5822306238185255
676,36061005200,80705,49165,21740,-31540,-27425,-0.39080602193172664,-0.5578155191701414
677,36061005400,58472,21031,15878,-37441,-5153,-0.6403235736762896,-0.24501925728686225
678,36061005501,30903,16052,8080,-14851,-7972,-0.4805682296217196,-0.4966359332170446
679,36061005502,32009,12214,8998,-19795,-3216,-0.6184198194257865,-0.2633044047813984
680,36061005600,61794,24960,11120,-36834,-13840,-0.59607728905719,-0.5544871794871795
681,36061005700,35770,13623,6619,-22147,-7004,-0.6191501258037462,-0.5141305145709462
682,36061005800,86333,31405,19635,-54928,-11770,-0.6362341167340414,-0.37478108581436076
683,36061005900,22575,10484,5895,-12091,-4589,-0.535592469545958,-0.43771461274322776
684,36061006000,6223,3094,2475,-3129,-619,-0.5028121484814398,-0.20006464124111184
685,36061006100,57721,22270,14240,-35451,-8030,-0.6141785485351952,-0.36057476425684776
686,36061006200,63569,49247,32425,-14322,-16822,-0.22529849454922998,-0.34158425893963085
687,36061006300,40418,18125,11900,-22293,-6225,-0.5515611856103716,-0.34344827586206894
688,36061006400,32863,18727,11131,-14136,-7596,-0.4301494081489821,-0.4056175575372457
689,36061006500,62873,74725,27192,11852,-47533,0.18850699028199705,-0.6361057209769153
690,36061006600,36827,17247,16220,-19580,-1027,-0.5316751296603036,-0.05954658781237317
691,36061006700,31845,12457,9229,-19388,-3228,-0.6088239912074109,-0.25913141205747775
692,36061006800,60896,27392,11746,-33504,-15646,-0.5501839201261166,-0.571188668224299
693,36061006900,15953,7233,5955,-8720,-1278,-0.546605654108945,-0.17669017005391954
694,36061007000,51482,13314,9058,-38168,-4256,-0.7413853385649353,-0.3196635120925342
695,36061007100,29628,11831,8611,-17797,-3220,-0.6006817874983124,-0.2721663426591159
696,36061007200,43817,19640,14153,-24177,-5487,-0.5517721432320789,-0.2793788187372709
697,36061007300,29525,9716,7351,-19809,-2365,-0.6709229466553768,-0.24341292713050638
698,36061007400,92211,36530,22216,-55681,-14314,-0.6038433592521499,-0.39184232137968794
699,36061007500,28311,13228,12647,-15083,-581,-0.5327611175868037,-0.043921983671000905
700,36061007600,125626,45058,23142,-80568,-21916,-0.6413322083008295,-0.4863953127080652
701,36061007700,39749,14763,13191,-24986,-1572,-0.6285944300485546,-0.10648242227189596
702,36061007800,27030,13693,11740,-13337,-1953,-0.4934147243803182,-0.14262761995180018
703,36061007900,49606,15695,10383,-33911,-5312,-0.6836068217554329,-0.33845173622172664
704,36061008000,64433,28006,12465,-36427,-15541,-0.565346949544488,-0.5549168035420982
705,36061008100,57180,24739,13984,-32441,-10755,-0.5673487233298357,-0.4347386717328914
706,36061008200,73015,29242,12083,-43773,-17159,-0.5995069506265835,-0.586792969017167
707,36061008300,90061,25003,10972,-65058,-14031,-0.7223770555512375,-0.5611726592808863
708,36061008400,100062,38933,21955,-61129,-16978,-0.6109112350342788,-0.4360825007063417
709,36061008601,9528,7395,5439,-2133,-1956,-0.22386649874055414,-0.2645030425963489
710,36061008602,8722,3765,602,-4957,-3163,-0.5683329511579913,-0.8401062416998673
711,36061008603,8410,5237,4158,-3173,-1079,-0.37728894173602856,-0.20603398892495703
712,36061008700,33451,11731,7560,-21720,-4171,-0.6493079429613464,-0.35555366123945104
713,36061008800,47840,20074,11314,-27766,-8760,-0.5803929765886288,-0.43638537411577166
714,36061008900,25967,10890,5971,-15077,-4919,-0.5806215581314745,-0.4516988062442608
715,36061009000,59295,24949,12336,-34346,-12613,-0.5792393962391432,-0.5055513247023928
716,36061009100,60605,22871,12024,-37734,-10847,-0.622621895883178,-0.4742687245857199
717,36061009200,192105,69842,23209,-122263,-46633,-0.6364384060800083,-0.6676927923026259
718,36061009300,22377,10024,7297,-12353,-2727,-0.5520400411136435,-0.27204708699122104
719,36061009400,109201,35699,23551,-73502,-12148,-0.6730890742758766,-0.3402896439676181
720,36061009500,70039,29384,13160,-40655,-16224,-0.58046231385371,-0.5521372175333514
721,36061009600,130310,49692,32428,-80618,-17264,-0.618663187782979,-0.347420107864445
722,36061009700,21852,75893,10011,54041,-65882,2.4730459454512173,-0.8680906012412212
723,36061009800,57364,22433,14226,-34931,-8207,-0.6089359179973503,-0.3658449605491909
724,36061009900,174380,71231,61328,-103149,-9903,-0.5915185227663723,-0.1390265474301919
725,36061010000,98265,41574,18948,-56691,-22626,-0.5769195542665242,-0.5442343772550151
726,36061010100,270585,101787,41139,-168798,-60648,-0.6238261544431509,-0.5958324736950691
727,36061010200,91173,34990,15659,-56183,-19331,-0.6162241014335385,-0.5524721348956845
728,36061010300,63123,31561,20043,-31562,-11518,-0.5000079210430429,-0.3649440765501727
729,36061010400,167605,58090,22913,-109515,-35177,-0.6534112944124578,-0.6055603374074712
730,36061010601,26718,17070,10811,-9648,-6259,-0.36110487311924544,-0.36666666666666664
731,36061010602,16292,8848,6869,-7444,-1979,-0.45691136754235206,-0.22366636528028933
732,36061010800,53514,25432,14177,-28082,-11255,-0.5247598759203199,-0.44255268952500787
733,36061010900,147851,51919,30857,-95932,-21062,-0.6488424156752406,-0.4056703711550685
734,36061011000,36466,16568,11601,-19898,-4967,-0.5456589699994515,-0.2997947851279575
735,36061011100,74217,32034,17645,-42183,-14389,-0.5683738227090829,-0.44917899731535244
736,36061011201,53285,19854,8469,-33431,-11385,-0.6273998310969316,-0.5734360834088849
737,36061011202,46931,17718,9214,-29213,-8504,-0.6224670260595342,-0.4799638785415961
738,36061011203,33470,13750,7713,-19720,-6037,-0.5891843441888258,-0.4390545454545455
739,36061011300,218601,81931,35226,-136670,-46705,-0.6252029954117319,-0.5700528493488424
740,36061011401,39057,14011,9814,-25046,-4197,-0.641267890518985,-0.29955035329384055
741,36061011402,33103,15329,11133,-17774,-4196,-0.5369301875962904,-0.2737295322591167
742,36061011500,124230,53169,26281,-71061,-26888,-0.5720115914030427,-0.5057082134326393
743,36061011600,124897,81457,61988,-43440,-19469,-0.34780659263232905,-0.23900953877505923
744,36061011700,22843,10820,8790,-12023,-2030,-0.5263319178741847,-0.1876155268022181
745,36061011800,48556,42548,41376,-6008,-1172,-0.12373342120438256,-0.027545360533985146
746,36061011900,233597,81706,22449,-151891,-59257,-0.6502266724315808,-0.7252466159155998
747,36061012000,46853,22018,9265,-24835,-12753,-0.5300621091498944,-0.5792079207920792
748,36061012100,76278,39312,13001,-36966,-26311,-0.48462204043105483,-0.6692867317867318
749,36061012200,20384,10480,8097,-9904,-2383,-0.4858712715855573,-0.2273854961832061
750,36061012400,37323,23874,18281,-13449,-5593,-0.36034080861667067,-0.2342715925274357
751,36061012500,223824,76016,24186,-147808,-51830,-0.6603760097219243,-0.6818301410229426
752,36061012600,50264,19692,12794,-30572,-6898,-0.6082285532388986,-0.35029453585212267
753,36061012700,68857,30614,9977,-38243,-20637,-0.5553974178369665,-0.6741033514078526
754,36061012800,25988,15430,11665,-10558,-3765,-0.4062644297368016,-0.2440051847051199
755,36061012900,57317,28285,17574,-29032,-10711,-0.5065163912975208,-0.37868127983029876
756,36061013000,21905,11529,9033,-10376,-2496,-0.47368180780643687,-0.2164975279729378
757,36061013100,155009,59588,16337,-95421,-43251,-0.615583611274184,-0.7258340605491038
758,36061013200,24298,17756,12243,-6542,-5513,-0.26924026668861634,-0.31048659608019824
759,36061013300,49591,17813,9517,-31778,-8296,-0.6408017583835777,-0.46572727783079776
760,36061013400,32124,17598,11760,-14526,-5838,-0.4521852820321255,-0.3317422434367542
761,36061013500,50643,24528,13321,-26115,-11207,-0.5156685030507672,-0.4569063926940639
762,36061013600,28797,14801,13631,-13996,-1170,-0.4860228496023891,-0.07904871292480238
763,36061013700,176783,69194,30040,-107589,-39154,-0.6085935864873885,-0.5658583114142844
764,36061013800,45707,14446,11593,-31261,-2853,-0.6839433784759446,-0.19749411601827496
765,36061013900,57438,23354,12772,-34084,-10582,-0.5934050628503778,-0.4531129570951443
766,36061014000,29119,15728,13227,-13391,-2501,-0.45987156152340397,-0.15901576805696846
767,36061014200,28186,14176,12440,-14010,-1736,-0.4970552756687717,-0.12246049661399548
768,36061014300,193996,266173,89032,72177,-177141,0.3720540629703705,-0.6655107768255983
769,36061014401,7376,4463,3493,-2913,-970,-0.3949295010845987,-0.21734259466726416
770,36061014402,12403,7726,6246,-4677,-1480,-0.3770861888252842,-0.19156096298213823
771,36061014500,83728,38602,22752,-45126,-15850,-0.5389594878654691,-0.41060048702139784
772,36061014601,19011,9809,6809,-9202,-3000,-0.4840355583609489,-0.3058415740646345
773,36061014602,25223,12565,7904,-12658,-4661,-0.5018435554850732,-0.3709510545165141
774,36061014700,16798,8581,2728,-8217,-5853,-0.4891653768305751,-0.6820883346929262
775,36061014801,22329,9993,6758,-12336,-3235,-0.552465403735053,-0.32372660862603825
776,36061014802,36725,22702,15849,-14023,-6853,-0.3818379850238257,-0.3018676768566646
777,36061014900,47813,18401,9233,-29412,-9168,-0.615146508271809,-0.4982337916417586
778,36061015001,9734,4847,3668,-4887,-1179,-0.5020546537908362,-0.24324324324324326
779,36061015002,16266,8294,6305,-7972,-1989,-0.49010205336284274,-0.23981191222570533
780,36061015100,38858,22245,14211,-16613,-8034,-0.42753101034536,-0.36115981119352664
781,36061015200,22575,13734,11358,-8841,-2376,-0.3916279069767442,-0.17300131061598953
782,36061015300,43331,18934,12236,-24397,-6698,-0.563038009738986,-0.35375514946656805
783,36061015400,62981,74971,35400,11990,-39571,0.19037487496229022,-0.5278174227367916
784,36061015500,14391,10884,6939,-3507,-3945,-0.24369397540129248,-0.3624586549062844
785,36061015601,13958,8528,5397,-5430,-3131,-0.3890242155036538,-0.36714352720450283
786,36061015602,13601,11281,4350,-2320,-6931,-0.17057569296375266,-0.6143958868894601
787,36061015700,30401,14473,12376,-15928,-2097,-0.5239301338771751,-0.1448904857320528
788,36061015801,14023,8673,5072,-5350,-3601,-0.381516080724524,-0.41519658710942003
789,36061015802,9563,4880,2889,-4683,-1991,-0.4896998849733347,-0.4079918032786885
790,36061015900,30598,15901,9258,-14697,-6643,-0.480325511471338,-0.4177724671404314
791,36061016001,13645,7474,5248,-6171,-2226,-0.4522535727372664,-0.29783248595129785
792,36061016002,12178,7231,5764,-4947,-1467,-0.40622433897191657,-0.20287650394136358
793,36061016100,18745,8564,6225,-10181,-2339,-0.5431315017337957,-0.27312003736571694
794,36061016200,14768,11098,5578,-3670,-5520,-0.24851029252437704,-0.4973869165615426
795,36061016300,29101,12581,7332,-16520,-5249,-0.5676780866636886,-0.41721643748509657
796,36061016400,14272,9643,5523,-4629,-4120,-0.3243413677130045,-0.42725292958622835
797,36061016500,62258,27538,27044,-34720,-494,-0.55767933438273,-0.017938848137119618
798,36061016600,22724,13815,7579,-8909,-6236,-0.39205245555359974,-0.45139341295693086
799,36061016700,21328,10664,7350,-10664,-3314,-0.5,-0.3107651912978245
800,36061016800,48371,31824,21461,-16547,-10363,-0.34208513365446236,-0.32563474107591756
801,36061016900,20922,11306,8299,-9616,-3007,-0.45961189178854794,-0.2659649743499027
802,36061017000,29510,16094,8981,-13416,-7113,-0.45462555066079297,-0.4419659500434945
803,36061017100,26189,10160,8259,-16029,-1901,-0.6120508610485318,-0.18710629921259841
804,36061017200,39503,18431,13711,-21072,-4720,-0.5334278409234742,-0.25609028267592643
805,36061017300,21880,12589,8829,-9291,-3760,-0.4246343692870201,-0.29867344507109383
806,36061017401,11379,7698,3564,-3681,-4134,-0.32349064065383604,-0.5370226032735775
807,36061017402,4154,2550,1425,-1604,-1125,-0.3861338468945595,-0.4411764705882353
808,36061017500,19017,9770,7141,-9247,-2629,-0.4862491455013935,-0.2690890481064483
809,36061017700,22345,14955,9148,-7390,-5807,-0.3307227567688521,-0.3882982280173855
810,36061017800,25379,24738,12792,-641,-11946,-0.025257102328696955,-0.48290080038806693
811,36061017900,21193,11047,8116,-10146,-2931,-0.4787429811730288,-0.265320901602245
812,36061018000,13212,8289,6001,-4923,-2288,-0.3726158038147139,-0.27602847146821086
813,36061018100,21178,11465,9143,-9713,-2322,-0.4586363207101709,-0.2025294374182294
814,36061018200,24750,15102,8897,-9648,-6205,-0.38981818181818184,-0.4108727320884651
815,36061018300,30447,15248,9440,-15199,-5808,-0.49919532302033043,-0.3809024134312697
816,36061018400,17105,12027,6111,-5078,-5916,-0.2968722595732242,-0.49189324020952857
817,36061018500,14663,9698,6567,-4965,-3131,-0.33860737911750666,-0.3228500721798309
818,36061018600,7369,10743,44046,3374,33303,0.4578640249694667,3.0999720748394304
819,36061018700,17899,8625,5399,-9274,-3226,-0.5181295044415889,-0.3740289855072464
820,36061018800,19105,11147,7441,-7958,-3706,-0.41654017272965194,-0.3324661343859334
821,36061018900,23058,12940,7553,-10118,-5387,-0.4388064879868159,-0.41630602782071097
822,36061019000,15852,10127,4698,-5725,-5429,-0.3611531667928337,-0.5360916362200059
823,36061019100,16142,10928,5600,-5214,-5328,-0.3230083013257341,-0.48755490483162517
824,36061019200,9513,6473,3692,-3040,-2781,-0.31956270366866396,-0.42963077398424226
825,36061019300,32207,9642,5241,-22565,-4401,-0.7006240879311951,-0.45644057249533293
826,36061019400,19392,11811,6806,-7581,-5005,-0.39093440594059403,-0.42375751418169505
827,36061019500,41038,31155,9598,-9883,-21557,-0.2408255762951411,-0.6919274594768094
828,36061019600,39760,24634,11061,-15126,-13573,-0.38043259557344067,-0.5509864415036129
829,36061019701,5757,3945,2347,-1812,-1598,-0.31474726420010424,-0.4050697084917617
830,36061019702,5173,2868,1838,-2305,-1030,-0.4455828339454862,-0.3591352859135286
831,36061019800,16886,9358,6529,-7528,-2829,-0.44581309960914367,-0.3023081855097243
832,36061019900,22543,12968,7574,-9575,-5394,-0.4247438229162046,-0.4159469463294263
833,36061020000,18482,12127,5876,-6355,-6251,-0.3438480683908668,-0.5154613671971634
834,36061020101,10491,5280,2675,-5211,-2605,-0.49671146697169,-0.4933712121212121
835,36061020102,6901,4557,2116,-2344,-2441,-0.3396609187074337,-0.5356594250603467
836,36061020300,33624,15910,5566,-17714,-10344,-0.5268260766119438,-0.6501571338780641
837,36061020500,24734,10176,4065,-14558,-6111,-0.5885825179914288,-0.6005306603773585
838,36061020600,12149,6927,3875,-5222,-3052,-0.42982961560622274,-0.44059477407247005
839,36061020701,4621,2937,1317,-1684,-1620,-0.36442328500324606,-0.5515832482124617
840,36061020800,22320,8382,7586,-13938,-796,-0.6244623655913979,-0.09496540205201623
841,36061020901,25904,11949,5184,-13955,-6765,-0.5387198888202595,-0.5661561636957068
842,36061021000,5750,4407,2710,-1343,-1697,-0.23356521739130434,-0.3850692080780576
843,36061021100,19739,11598,7293,-8141,-4305,-0.4124322407416789,-0.37118468701500257
844,36061021200,25163,18118,11359,-7045,-6759,-0.2799745658307833,-0.37305442101777236
845,36061021303,13610,8006,4017,-5604,-3989,-0.41175606171932405,-0.4982513115163627
846,36061021400,6766,4778,2278,-1988,-2500,-0.29382205143363876,-0.5232314776056928
847,36061021500,9339,6946,3406,-2393,-3540,-0.2562372845058357,-0.5096458393319896
848,36061021600,29275,12091,6408,-17184,-5683,-0.5869854824935952,-0.4700190224133653
849,36061021703,23984,12586,2567,-11398,-10019,-0.47523348899266177,-0.7960432226283172
850,36061021800,32683,24292,8833,-8391,-15459,-0.2567389774500505,-0.6363823480981393
851,36061021900,23987,17296,9784,-6691,-7512,-0.2789427606620253,-0.4343200740055504
852,36061022000,15278,10219,4065,-5059,-6154,-0.3311297290221233,-0.6022115666894999
853,36061022102,7829,5202,2555,-2627,-2647,-0.33554732405160304,-0.5088427527873894
854,36061022200,49634,26978,13680,-22656,-13298,-0.45646129669178387,-0.49292015716509746
855,36061022301,20469,11198,7373,-9271,-3825,-0.4529288191899946,-0.3415788533666726
856,36061022302,5322,3277,1494,-2045,-1783,-0.3842540398346486,-0.5440952090326518
857,36061022400,17114,11337,5533,-5777,-5804,-0.33755989248568424,-0.5119520155243892
858,36061022500,20121,18005,10051,-2116,-7954,-0.10516375925649818,-0.4417661760622049
859,36061022600,14041,9879,4990,-4162,-4889,-0.29641763407164734,-0.49488814657353986
860,36061022700,15009,7367,3974,-7642,-3393,-0.5091611699646879,-0.4605673951404914
861,36061022800,23214,15207,6791,-8007,-8416,-0.34492116826053243,-0.5534293417505096
862,36061022900,24914,12171,8144,-12743,-4027,-0.5114794894436863,-0.33086845780954727
863,36061023000,20456,15708,8595,-4748,-7113,-0.2321079389910051,-0.45282658517952634
864,36061023100,13911,8339,3534,-5572,-4805,-0.40054633024225433,-0.5762081784386617
865,36061023200,24017,18455,9581,-5562,-8874,-0.23158595994503894,-0.48084529937686266
866,36061023300,16767,6798,4600,-9969,-2198,-0.5945607443191985,-0.32333039129155633
867,36061023400,6854,5635,3405,-1219,-2230,-0.17785234899328858,-0.39574090505767523
868,36061023501,10782,6005,3436,-4777,-2569,-0.4430532368762753,-0.42781015820149876
869,36061023502,7707,3696,2507,-4011,-1189,-0.5204359673024523,-0.3216991341991342
870,36061023600,29088,16019,21187,-13069,5168,-0.44929180418041803,0.32261689244022723
871,36061023700,14352,8164,4070,-6188,-4094,-0.4311594202898551,-0.5014698677119059
872,36061023801,12050,30792,19687,18742,-11105,1.5553526970954357,-0.3606456222395427
873,36061023802,5343,5404,3527,61,-1877,0.011416807037244993,-0.34733530717986677
874,36061023900,6998,4371,2524,-2627,-1847,-0.37539296941983424,-0.4225577671013498
875,36061024000,12111,9115,7878,-2996,-1237,-0.247378416315746,-0.13571036752605595
876,36061024100,15610,7828,5254,-7782,-2574,-0.4985265855221012,-0.3288196218702095
877,36061024200,17274,12521,7138,-4753,-5383,-0.27515340974875535,-0.4299177381998243
878,36061024301,7717,3885,2388,-3832,-1497,-0.49656602306595826,-0.3853281853281853
879,36061024302,14677,9458,4645,-5219,-4813,-0.3555903795053485,-0.5088813702685557
880,36061024500,39572,19762,12103,-19810,-7659,-0.5006064894369756,-0.38756198765307154
881,36061024700,12664,12282,4236,-382,-8046,-0.03016424510423247,-0.655105031753786
882,36061024900,5649,3193,1508,-2456,-1685,-0.43476721543636043,-0.5277168806764798
883,36061025100,49939,21988,14998,-27951,-6990,-0.5597028374617032,-0.3179006730944151
884,36061025300,22836,11512,9191,-11324,-2321,-0.4958836924154843,-0.20161570535093815
885,36061025500,29130,16883,11542,-12247,-5341,-0.420425677995194,-0.3163537286027365
886,36061025700,30270,16217,7592,-14053,-8625,-0.46425503799141066,-0.5318492939507924
887,36061025900,13774,8613,4458,-5161,-4155,-0.3746914476550022,-0.4824103099965169
888,36061026100,31037,11914,11072,-19123,-842,-0.6161355801140574,-0.07067315762967936
889,36061026300,25051,12998,9067,-12053,-3931,-0.481138477505888,-0.3024311432528081
890,36061026500,23413,11174,7644,-12239,-3530,-0.5227437748259514,-0.31591193842849474
891,36061026700,4289,1596,1550,-2693,-46,-0.6278852879459081,-0.02882205513784461
892,36061026900,27752,12915,8265,-14837,-4650,-0.5346281349091957,-0.3600464576074332
893,36061027100,25447,12396,8686,-13051,-3710,-0.5128698864306205,-0.2992900935785737
894,36061027300,14184,15530,12289,1346,-3241,0.0948956570783982,-0.20869285254346426
895,36061027500,1363,749,479,-614,-270,-0.450476889214967,-0.3604806408544726
896,36061027700,12441,6402,3909,-6039,-2493,-0.4854111405835544,-0.38940955951265227
897,36061027900,20323,9579,7399,-10744,-2180,-0.5286621069723958,-0.2275811671364443
898,36061028100,1947,1028,711,-919,-317,-0.47200821777092966,-0.30836575875486383
899,36061028300,15708,7042,4715,-8666,-2327,-0.551693404634581,-0.3304458960522579
900,36061028500,15819,11775,7346,-4044,-4429,-0.2556419495543334,-0.37613588110403395
901,36061028700,17275,7518,7831,-9757,313,-0.5648046309696093,0.04163341314179303
902,36061029100,22559,12053,8925,-10506,-3128,-0.46571213262999245,-0.25952045133991536
903,36061029300,26050,11938,9997,-14112,-1941,-0.5417274472168906,-0.1625900485843525
904,36061029500,11046,6180,4126,-4866,-2054,-0.4405214557305812,-0.33236245954692556
905,36061029700,8000,5626,4283,-2374,-1343,-0.29675,-0.23871311766797013
906,36061029900,19168,12975,9837,-6193,-3138,-0.32309056761268784,-0.24184971098265895
907,36061030300,15044,12215,7053,-2829,-5162,-0.18804839138526988,-0.42259516987310686
908,36061030700,4965,2568,1984,-2397,-584,-0.4827794561933535,-0.22741433021806853
909,36061030900,10883,10588,6377,-295,-4211,-0.02710649637048608,-0.3977143936531923
910,36061031100,7437,4752,3923,-2685,-829,-0.3610326744655103,-0.17445286195286194
911,36061031703,83713,40467,12802,-43246,-27665,-0.5165983777907852,-0.6836434625744434
912,36061031704,24316,12848,7942,-11468,-4906,-0.4716236223063004,-0.3818493150684932
913,36061031900,9495,2858,1057,-6637,-1801,-0.6989994734070564,-0.6301609517144856
914,36065025003,1,0,0,-1,0,-1.0,
915,36081000100,1577,1180,1005,-397,-175,-0.2517438173747622,-0.1483050847457627
916,36081000700,1684,1112,763,-572,-349,-0.33966745843230406,-0.31384892086330934
917,36081001900,3204,1444,705,-1760,-739,-0.5493133583021224,-0.5117728531855956
918,36081002000,173,192,79,19,-113,0.10982658959537572,-0.5885416666666666
919,36081002400,693,430,197,-263,-233,-0.3795093795093795,-0.541860465116279
920,36081003100,6,0,1,-6,1,-1.0,inf
921,36081003200,458,233,229,-225,-4,-0.4912663755458515,-0.017167381974248927
922,36081003300,2206,4778,2224,2572,-2554,1.1659111514052585,-0.5345332775219758
923,36081003700,582,465,459,-117,-6,-0.20103092783505155,-0.012903225806451613
924,36081003800,5157,2114,2433,-3043,319,-0.5900717471398099,0.15089877010406813
925,36081003900,329,259,142,-70,-117,-0.2127659574468085,-0.4517374517374517
926,36081004001,2,2,0,0,-2,0.0,-1.0
927,36081004200,1024,967,361,-57,-606,-0.0556640625,-0.6266804550155118
928,36081004300,2219,1685,1127,-534,-558,-0.24064894096439837,-0.3311572700296736
929,36081004401,396,353,187,-43,-166,-0.10858585858585859,-0.4702549575070821
930,36081004500,36,35,104,-1,69,-0.027777777777777776,1.9714285714285715
931,36081004700,73,126,93,53,-33,0.726027397260274,-0.2619047619047619
932,36081005500,1,1,1,0,0,0.0,0.0
933,36081005700,522,309,233,-213,-76,-0.40804597701149425,-0.2459546925566343
934,36081005800,2169,1535,1229,-634,-306,-0.2923005993545413,-0.1993485342019544
935,36081006202,2013,1344,944,-669,-400,-0.3323397913561848,-0.2976190476190476
936,36081006300,8,5,1,-3,-4,-0.375,-0.8
937,36081006501,182,104,135,-78,31,-0.42857142857142855,0.2980769230769231
938,36081007100,315,319,241,4,-78,0.012698412698412698,-0.2445141065830721
939,36081007700,194,202,79,8,-123,0.041237113402061855,-0.6089108910891089
940,36081008300,1402,1611,780,209,-831,0.14907275320970043,-0.515828677839851
942,36081008600,216,115,114,-101,-1,-0.4675925925925926,-0.008695652173913044
943,36081008700,1686,1079,770,-607,-309,-0.3600237247924081,-0.28637627432808155
944,36081008800,612,534,232,-78,-302,-0.12745098039215685,-0.5655430711610487
945,36081009100,69,57,12,-12,-45,-0.17391304347826086,-0.7894736842105263
946,36081009400,75,75,26,0,-49,0.0,-0.6533333333333333
947,36081009500,2362,2069,1623,-293,-446,-0.12404741744284505,-0.21556307394876753
948,36081009600,501,300,190,-201,-110,-0.40119760479041916,-0.36666666666666664
949,36081009800,131,89,62,-42,-27,-0.32061068702290074,-0.30337078651685395
950,36081010000,149,113,71,-36,-42,-0.24161073825503357,-0.37168141592920356
951,36081010701,721,570,736,-151,166,-0.20943134535367544,0.2912280701754386
952,36081010800,1032,432,314,-600,-118,-0.5813953488372093,-0.27314814814814814
953,36081011100,196,65,79,-131,14,-0.6683673469387755,0.2153846153846154
954,36081011200,1137,887,1464,-250,577,-0.2198768689533861,0.6505073280721533
955,36081011500,929,525,231,-404,-294,-0.43487621097954793,-0.56
956,36081011600,646,387,235,-259,-152,-0.40092879256965946,-0.39276485788113696
957,36081011900,408,196,206,-212,10,-0.5196078431372549,0.05102040816326531
958,36081012200,297,89,126,-208,37,-0.7003367003367004,0.4157303370786517
959,36081012301,2309,2182,1884,-127,-298,-0.055002165439584236,-0.13657195233730524
960,36081012500,780,513,341,-267,-172,-0.3423076923076923,-0.33528265107212474
961,36081012800,680,418,215,-262,-203,-0.38529411764705884,-0.48564593301435405
962,36081013600,216,79,83,-137,4,-0.6342592592592593,0.05063291139240506
963,36081015100,3528,6891,3844,3363,-3047,0.9532312925170068,-0.4421709476128283
964,36081015500,329,279,207,-50,-72,-0.1519756838905775,-0.25806451612903225
965,36081015600,377,240,270,-137,30,-0.363395225464191,0.125
966,36081015801,1596,1235,902,-361,-333,-0.2261904761904762,-0.26963562753036435
967,36081015802,35,50,28,15,-22,0.42857142857142855,-0.44
968,36081016900,743,351,474,-392,123,-0.5275908479138627,0.3504273504273504
969,36081017100,601,543,556,-58,13,-0.09650582362728785,0.02394106813996317
970,36081017200,832,874,627,42,-247,0.05048076923076923,-0.2826086956521739
971,36081017600,849,645,487,-204,-158,-0.24028268551236748,-0.24496124031007752
972,36081018101,81,61,34,-20,-27,-0.24691358024691357,-0.4426229508196721
973,36081018102,672,477,318,-195,-159,-0.29017857142857145,-0.3333333333333333
974,36081018200,763,2581,1005,1818,-1576,2.382699868938401,-0.6106160402944595
975,36081018402,727,726,515,-1,-211,-0.001375515818431912,-0.290633608815427
976,36081018501,104,71,52,-33,-19,-0.3173076923076923,-0.2676056338028169
977,36081018700,298,264,0,-34,-264,-0.11409395973154363,-1.0
978,36081018800,1354,950,1201,-404,251,-0.2983751846381093,0.26421052631578945
979,36081018900,686,486,248,-200,-238,-0.2915451895043732,-0.4897119341563786
980,36081019900,30,19,17,-11,-2,-0.36666666666666664,-0.10526315789473684
981,36081020200,1022,725,318,-297,-407,-0.29060665362035226,-0.5613793103448276
982,36081020600,1018,966,561,-52,-405,-0.05108055009823183,-0.4192546583850932
983,36081020800,1640,1164,793,-476,-371,-0.29024390243902437,-0.31872852233676974
984,36081021200,855,522,433,-333,-89,-0.3894736842105263,-0.17049808429118773
985,36081021400,465,402,292,-63,-110,-0.13548387096774195,-0.2736318407960199
986,36081021600,1397,937,637,-460,-300,-0.329277022190408,-0.32017075773745995
987,36081022001,8934,6132,3996,-2802,-2136,-0.31363331094694424,-0.34833659491193736
988,36081023200,2956,1901,667,-1055,-1234,-0.35690121786197565,-0.649132035770647
989,36081024000,2908,7470,4644,4562,-2826,1.5687757909215956,-0.3783132530120482
990,36081024300,471,367,323,-104,-44,-0.2208067940552017,-0.11989100817438691
991,36081024500,777,802,561,25,-241,0.032175032175032175,-0.300498753117207
992,36081024700,375,175,83,-200,-92,-0.5333333333333333,-0.5257142857142857
993,36081025100,10267,11413,1507,1146,-9906,0.11161975260543489,-0.8679575922193989
994,36081025301,664,377,299,-287,-78,-0.4322289156626506,-0.20689655172413793
995,36081025302,632,493,307,-139,-186,-0.2199367088607595,-0.3772819472616633
996,36081025400,1519,1253,523,-266,-730,-0.17511520737327188,-0.5826017557861133
997,36081026000,1356,877,654,-479,-223,-0.3532448377581121,-0.2542759407069555
998,36081026300,1919,1354,895,-565,-459,-0.2944241792600313,-0.33899556868537667
999,36081026700,3801,3030,2571,-771,-459,-0.20284135753749014,-0.15148514851485148
1000,36081026901,379,443,121,64,-322,0.16886543535620052,-0.7268623024830699
1001,36081026902,44,136,18,92,-118,2.090909090909091,-0.8676470588235294
1002,36081027300,1234,864,535,-370,-329,-0.29983792544570503,-0.38078703703703703
1003,36081027500,489,256,0,-233,-256,-0.47648261758691207,-1.0
1004,36081027900,5870,3367,2321,-2503,-1046,-0.4264054514480409,-0.31066231066231065
1005,36081028300,97,31,46,-66,15,-0.6804123711340206,0.4838709677419355
1006,36081028700,3061,2414,2091,-647,-323,-0.2113688337144724,-0.13380281690140844
1007,36081028800,248,176,125,-72,-51,-0.2903225806451613,-0.2897727272727273
1008,36081028900,50,44,4,-6,-40,-0.12,-0.9090909090909091
1009,36081029100,1485,1347,675,-138,-672,-0.09292929292929293,-0.49888641425389757
1010,36081029300,632,740,405,108,-335,0.17088607594936708,-0.4527027027027027
1011,36081029400,427,346,81,-81,-265,-0.18969555035128804,-0.7658959537572254
1012,36081029700,360,486,295,126,-191,0.35,-0.39300411522633744
1013,36081029900,613,367,336,-246,-31,-0.401305057096248,-0.08446866485013624
1014,36081030600,6520,3596,2995,-2924,-601,-0.4484662576687117,-0.1671301446051168
1015,36081030904,1448,3028,1649,1580,-1379,1.091160220994475,-0.45541611624834877
1016,36081031700,440,338,434,-102,96,-0.2318181818181818,0.28402366863905326
1017,36081032000,3981,5473,6044,1492,571,0.3747802059783974,0.10433034898593094
1018,36081032800,771,566,774,-205,208,-0.26588845654993515,0.3674911660777385
1019,36081033100,164738,79357,38799,-85381,-40558,-0.5182835775595187,-0.511082828231914
1020,36081033401,731,952,625,221,-327,0.3023255813953488,-0.3434873949579832
1021,36081033402,9566,14425,1081,4859,-13344,0.5079448045159941,-0.9250606585788561
1022,36081033900,929,687,435,-242,-252,-0.2604951560818084,-0.36681222707423583
1023,36081034700,1225,812,342,-413,-470,-0.33714285714285713,-0.5788177339901478
1024,36081035700,2505,1797,984,-708,-813,-0.28263473053892213,-0.4524207011686144
1025,36081036100,50,10,9,-40,-1,-0.8,-0.1
1026,36081036300,498,326,290,-172,-36,-0.3453815261044177,-0.11042944785276074
1027,36081036500,1088,693,425,-395,-268,-0.3630514705882353,-0.38672438672438675
1028,36081037500,1198,1078,812,-120,-266,-0.1001669449081803,-0.24675324675324675
1029,36081037600,83,27,0,-56,-27,-0.6746987951807228,-1.0
1030,36081038100,921,576,471,-345,-105,-0.3745928338762215,-0.18229166666666666
1031,36081038302,62939,37187,31093,-25752,-6094,-0.40915807369039864,-0.16387447226181193
1032,36081040200,447,301,224,-146,-77,-0.32662192393736017,-0.2558139534883721
1033,36081040400,2187,1658,658,-529,-1000,-0.24188385916780977,-0.6031363088057901
1034,36081040500,15452,10020,835,-5432,-9185,-0.35154025368884284,-0.9166666666666666
1035,36081041500,1026,648,518,-378,-130,-0.3684210526315789,-0.2006172839506173
1036,36081042600,1492,1259,1227,-233,-32,-0.15616621983914208,-0.025416997617156472
1037,36081043200,676,644,322,-32,-322,-0.047337278106508875,-0.5
1038,36081043400,1419,651,406,-768,-245,-0.5412262156448203,-0.3763440860215054
1039,36081043900,682,370,198,-312,-172,-0.4574780058651026,-0.4648648648648649
1040,36081044000,1474,1076,762,-398,-314,-0.2700135685210312,-0.29182156133828996
1041,36081044301,1539,1546,661,7,-885,0.004548408057179987,-0.5724450194049159
1042,36081044302,3213,2212,1108,-1001,-1104,-0.3115468409586057,-0.49909584086799275
1043,36081044601,2126,1133,695,-993,-438,-0.4670743179680151,-0.38658428949691087
1044,36081045600,953,883,391,-70,-492,-0.07345225603357818,-0.5571913929784824
1045,36081046000,59,118,24,59,-94,1.0,-0.7966101694915254
1046,36081046200,698,672,299,-26,-373,-0.03724928366762178,-0.5550595238095238
1047,36081046600,1218,1018,984,-200,-34,-0.16420361247947454,-0.03339882121807466
1048,36081047500,2566,1518,1213,-1048,-305,-0.4084177708495713,-0.20092226613965744
1049,36081047900,331,202,139,-129,-63,-0.38972809667673713,-0.3118811881188119
1050,36081048100,651,264,585,-387,321,-0.5944700460829493,1.2159090909090908
1051,36081048200,994,831,358,-163,-473,-0.16398390342052313,-0.5691937424789411
1052,36081048300,1986,1549,1089,-437,-460,-0.22004028197381673,-0.2969657843770174
1053,36081049302,783,581,391,-202,-190,-0.25798212005108556,-0.3270223752151463
1054,36081049900,2312,1533,1242,-779,-291,-0.3369377162629758,-0.1898238747553816
1055,36081050400,538,168,200,-370,32,-0.6877323420074349,0.19047619047619047
1056,36081050800,961,522,241,-439,-281,-0.45681581685744016,-0.5383141762452107
1057,36081051100,1018,1029,1085,11,56,0.010805500982318271,0.05442176870748299
1058,36081051200,1151,993,387,-158,-606,-0.1372719374456994,-0.6102719033232629
1059,36081051300,1294,752,338,-542,-414,-0.4188562596599691,-0.550531914893617
1060,36081051700,716,2828,2788,2112,-40,2.9497206703910615,-0.014144271570014143
1061,36081052100,509,352,402,-157,50,-0.30844793713163066,0.14204545454545456
1062,36081052200,669,418,402,-251,-16,-0.375186846038864,-0.03827751196172249
1063,36081053100,5,9,7,4,-2,0.8,-0.2222222222222222
1064,36081053401,1125,711,272,-414,-439,-0.368,-0.6174402250351617
1065,36081053500,311,211,121,-100,-90,-0.3215434083601286,-0.4265402843601896
1066,36081053800,3490,806,402,-2684,-404,-0.769054441260745,-0.5012406947890818
1067,36081053900,1650,915,603,-735,-312,-0.44545454545454544,-0.34098360655737703
1068,36081054200,1078,1673,577,595,-1096,0.551948051948052,-0.6551105797967722
1069,36081054900,361,476,384,115,-92,0.3185595567867036,-0.19327731092436976
1070,36081055300,1187,646,466,-541,-180,-0.45577085088458297,-0.2786377708978328
1071,36081055500,31,12,118,-19,106,-0.6129032258064516,8.833333333333334
1072,36081055700,644,401,535,-243,134,-0.37732919254658387,0.3341645885286783
1073,36081056100,129,119,69,-10,-50,-0.07751937984496124,-0.42016806722689076
1074,36081056800,839,666,438,-173,-228,-0.2061978545887962,-0.34234234234234234
1075,36081057700,418,380,367,-38,-13,-0.09090909090909091,-0.034210526315789476
1076,36081058000,529,972,254,443,-718,0.8374291115311909,-0.7386831275720165
1077,36081058200,6113,8612,4599,2499,-4013,0.4088009160804842,-0.4659777055271714
1078,36081058700,484,556,274,72,-282,0.1487603305785124,-0.5071942446043165
1079,36081058900,1416,1347,672,-69,-675,-0.048728813559322036,-0.5011135857461024
1080,36081059800,606,298,266,-308,-32,-0.5082508250825083,-0.10738255033557047
1081,36081059900,968,464,328,-504,-136,-0.5206611570247934,-0.29310344827586204
1082,36081061000,461,507,352,46,-155,0.09978308026030369,-0.3057199211045365
1083,36081061301,864,633,785,-231,152,-0.2673611111111111,0.2401263823064771
1084,36081061400,4552,2921,2041,-1631,-880,-0.3583040421792619,-0.3012666894899007
1085,36081062500,454,489,387,35,-102,0.07709251101321586,-0.2085889570552147
1086,36081062900,1273,2464,725,1191,-1739,0.9355852317360566,-0.705762987012987
1087,36081063301,762,725,338,-37,-387,-0.048556430446194225,-0.5337931034482759
1088,36081063700,24,210,157,186,-53,7.75,-0.2523809523809524
1089,36081063800,1108,877,930,-231,53,-0.20848375451263537,0.06043329532497149
1090,36081064102,13220,7040,7514,-6180,474,-0.46747352496217853,0.06732954545454546
1091,36081064600,764,497,397,-267,-100,-0.3494764397905759,-0.2012072434607646
1092,36081065400,5220,6601,3866,1381,-2735,0.2645593869731801,-0.41433116194515984
1093,36081065900,2294,1346,648,-948,-698,-0.4132519616390584,-0.5185735512630015
1094,36081066300,3222,6485,6834,3263,349,1.0127250155183116,0.053816499614494986
1095,36081066400,4147,2690,2980,-1457,290,-0.3513383168555582,0.10780669144981413
1096,36081068000,653,411,180,-242,-231,-0.37059724349157736,-0.5620437956204379
1097,36081068300,14526,20647,11385,6121,-9262,0.42138234889164256,-0.4485881726158764
1098,36081069300,802,681,476,-121,-205,-0.15087281795511223,-0.3010279001468429
1099,36081070300,85,63,0,-22,-63,-0.25882352941176473,-1.0
1100,36081070900,474,354,292,-120,-62,-0.25316455696202533,-0.1751412429378531
1101,36081071100,3261,698,475,-2563,-223,-0.7859552284575284,-0.3194842406876791
1102,36081071305,551,569,477,18,-92,0.032667876588021776,-0.1616871704745167
1103,36081071600,16152,6933,3809,-9219,-3124,-0.5707652303120356,-0.4505985864705034
1104,36081071701,334,268,242,-66,-26,-0.19760479041916168,-0.09701492537313433
1105,36081071900,1287,879,661,-408,-218,-0.317016317016317,-0.24800910125142206
1106,36081072100,4132,2986,1490,-1146,-1496,-0.27734753146176183,-0.5010046885465506
1107,36081074300,365,401,306,36,-95,0.09863013698630137,-0.23690773067331672
1108,36081074500,1774,1179,862,-595,-317,-0.33540022547914317,-0.268871925360475
1109,36081074700,559,437,369,-122,-68,-0.2182468694096601,-0.15560640732265446
1110,36081075702,1064,769,433,-295,-336,-0.27725563909774437,-0.43693107932379716
1111,36081076901,282,149,133,-133,-16,-0.4716312056737589,-0.10738255033557047
1112,36081077300,133,51,37,-82,-14,-0.6165413533834586,-0.27450980392156865
1113,36081077500,47,13,17,-34,4,-0.723404255319149,0.3076923076923077
1114,36081077902,458,403,393,-55,-10,-0.12008733624454149,-0.02481389578163772
1115,36081077903,402,329,372,-73,43,-0.18159203980099503,0.13069908814589665
1116,36081077904,239,104,59,-135,-45,-0.5648535564853556,-0.4326923076923077
1117,36081077906,565,574,286,9,-288,0.01592920353982301,-0.5017421602787456
1118,36081079200,451,377,173,-74,-204,-0.164079822616408,-0.5411140583554377
1119,36081079702,4444,3567,2581,-877,-986,-0.19734473447344736,-0.2764227642276423
1120,36081080302,360,370,165,10,-205,0.027777777777777776,-0.5540540540540541
1121,36081080900,728,442,150,-286,-292,-0.39285714285714285,-0.6606334841628959
1122,36081081800,4264,1814,1840,-2450,26,-0.5745778611632271,0.014332965821389196
1123,36081084601,528,267,126,-261,-141,-0.4943181818181818,-0.5280898876404494
1124,36081084602,1484,1044,684,-440,-360,-0.29649595687331537,-0.3448275862068966
1125,36081084900,118,109,0,-9,-109,-0.07627118644067797,-1.0
1126,36081085300,6,2,2,-4,0,-0.6666666666666666,0.0
1127,36081085500,1568,1038,767,-530,-271,-0.3380102040816326,-0.2610789980732177
1128,36081086400,375,278,170,-97,-108,-0.25866666666666666,-0.38848920863309355
1129,36081086900,1606,669,612,-937,-57,-0.5834371108343711,-0.08520179372197309
1130,36081087100,281,196,190,-85,-6,-0.302491103202847,-0.030612244897959183
1131,36081088400,1880,1398,2029,-482,631,-0.25638297872340426,0.4513590844062947
1132,36081088901,1794,1300,1151,-494,-149,-0.2753623188405797,-0.11461538461538462
1133,36081089200,2216,1752,1039,-464,-713,-0.20938628158844766,-0.4069634703196347
1134,36081090700,840,945,844,105,-101,0.125,-0.10687830687830688
1135,36081092200,583,484,567,-99,83,-0.16981132075471697,0.17148760330578514
1136,36081092500,557,493,339,-64,-154,-0.11490125673249552,-0.31237322515212984
1137,36081092800,4642,7003,2370,2361,-4633,0.50861697544162,-0.6615736113094388
1138,36081092900,2465,4489,4908,2024,419,0.8210953346855984,0.09333927378035198
1139,36081093401,655,419,377,-236,-42,-0.3603053435114504,-0.10023866348448687
1140,36081093800,2139,1446,710,-693,-736,-0.32398316970546986,-0.5089903181189488
1141,36081093900,397,546,421,149,-125,0.37531486146095716,-0.22893772893772893
1142,36081094201,437,144,24,-293,-120,-0.6704805491990846,-0.8333333333333334
1143,36081094202,8225,5645,3819,-2580,-1826,-0.31367781155015195,-0.3234720992028344
1144,36081094203,2684,1836,3446,-848,1610,-0.31594634873323396,0.8769063180827886
1145,36081094500,1964,1555,1427,-409,-128,-0.20824847250509165,-0.08231511254019293
1146,36081094700,324,359,348,35,-11,0.10802469135802469,-0.03064066852367688
1147,36081095400,321,201,224,-120,23,-0.37383177570093457,0.11442786069651742
1148,36081096400,2403,1490,1357,-913,-133,-0.3799417394923013,-0.08926174496644296
1149,36081097203,416,235,158,-181,-77,-0.43509615384615385,-0.3276595744680851
1150,36081097204,2017,1076,836,-941,-240,-0.4665344571145265,-0.22304832713754646
1151,36081097300,677,958,1086,281,128,0.4150664697193501,0.1336116910229645
1152,36081098100,409,309,391,-100,82,-0.24449877750611246,0.26537216828478966
1153,36081098700,413,317,384,-96,67,-0.2324455205811138,0.2113564668769716
1154,36081099701,1333,1251,1137,-82,-114,-0.06151537884471118,-0.09112709832134293
1155,36081099704,1401,3685,1456,2284,-2229,1.630264097073519,-0.6048846675712347
1156,36081099705,1435,1197,1159,-238,-38,-0.16585365853658537,-0.031746031746031744
1157,36081099802,795,719,806,-76,87,-0.09559748427672957,0.12100139082058414
1158,36081100801,876,526,505,-350,-21,-0.3995433789954338,-0.039923954372623575
1159,36081100802,1222,777,661,-445,-116,-0.3641571194762684,-0.1492921492921493
1160,36081101001,3577,2005,2135,-1572,130,-0.4394744199049483,0.06483790523690773
1161,36081101002,271,298,211,27,-87,0.0996309963099631,-0.29194630872483224
1162,36081101700,728,484,438,-244,-46,-0.33516483516483514,-0.09504132231404959
1163,36081103201,843,524,318,-319,-206,-0.37841043890865955,-0.3931297709923664
1164,36081103202,85,89,25,4,-64,0.047058823529411764,-0.7191011235955056
1165,36081103300,2,1,1,-1,0,-0.5,0.0
1166,36081103900,2601,1707,1080,-894,-627,-0.34371395617070355,-0.36731107205623903
1167,36081104700,1343,1360,684,17,-676,0.012658227848101266,-0.4970588235294118
1168,36081107201,805,579,692,-226,113,-0.28074534161490683,0.19516407599309155
1169,36081107202,496,353,288,-143,-65,-0.28830645161290325,-0.18413597733711048
1170,36081108500,360,256,262,-104,6,-0.28888888888888886,0.0234375
1171,36081109300,1156,935,1329,-221,394,-0.19117647058823528,0.4213903743315508
1172,36081109700,2136,1924,420,-212,-1504,-0.09925093632958802,-0.7817047817047817
1173,36081109900,674,525,439,-149,-86,-0.22106824925816024,-0.16380952380952382
1174,36081115900,4,6,1,2,-5,0.5,-0.8333333333333334
1175,36081116100,462,236,155,-226,-81,-0.48917748917748916,-0.3432203389830508
1176,36081116300,215,216,197,1,-19,0.004651162790697674,-0.08796296296296297
1177,36081116700,270,94,73,-176,-21,-0.6518518518518519,-0.22340425531914893
1178,36081118500,1509,3611,2584,2102,-1027,1.3929754804506296,-0.2844087510384935
1180,36081119500,1427,1301,821,-126,-480,-0.08829712683952348,-0.3689469638739431
1181,36081121100,1941,1949,1658,8,-291,0.004121586810922205,-0.14930733709594665
1182,36081122701,1012,776,525,-236,-251,-0.233201581027668,-0.3234536082474227
1183,36081122702,1581,977,635,-604,-342,-0.3820366856419987,-0.3500511770726714
1184,36081124700,90,59,182,-31,123,-0.34444444444444444,2.0847457627118646
1185,36081126700,9117,1910,3186,-7207,1276,-0.7905012613798399,0.6680628272251309
1186,36081128300,2390,2326,2879,-64,553,-0.026778242677824266,0.23774720550300946
1187,36081129104,1356,1272,936,-84,-336,-0.061946902654867256,-0.2641509433962264
1188,36081134100,528,2576,1408,2048,-1168,3.878787878787879,-0.453416149068323
1189,36081134700,5353,3621,2644,-1732,-977,-0.3235568839902858,-0.26981496824081747
1190,36081136700,625,494,326,-131,-168,-0.2096,-0.340080971659919
1191,36081137700,717,571,446,-146,-125,-0.20362622036262204,-0.21891418563922943
1192,36081138501,355,340,290,-15,-50,-0.04225352112676056,-0.14705882352941177
1193,36081140901,594,389,381,-205,-8,-0.3451178451178451,-0.02056555269922879
1194,36081143500,646,340,313,-306,-27,-0.47368421052631576,-0.07941176470588235
1195,36081146300,903,683,572,-220,-111,-0.24363233665559247,-0.16251830161054173
1196,36081146700,3612,1225,611,-2387,-614,-0.6608527131782945,-0.5012244897959184
1197,36081147900,142,123,145,-19,22,-0.13380281690140844,0.17886178861788618
1198,36081148300,1486,1327,1185,-159,-142,-0.10699865410497982,-0.10700828937452901
1199,36081150701,653,324,235,-329,-89,-0.5038284839203675,-0.27469135802469136
1200,36081150702,736,455,281,-281,-174,-0.38179347826086957,-0.3824175824175824
1201,36081152901,1364,1416,1490,52,74,0.03812316715542522,0.052259887005649715
1202,36081152902,915,2214,527,1299,-1687,1.419672131147541,-0.7619692863595302
1203,36081155102,646,447,269,-199,-178,-0.3080495356037152,-0.3982102908277405
1204,36081156700,2647,2126,1495,-521,-631,-0.19682659614658105,-0.29680150517403575
1205,36081157101,329,1884,1746,1555,-138,4.72644376899696,-0.0732484076433121
1206,36081161700,4,3,6,-1,3,-0.25,1.0
1207,36081162100,800,509,619,-291,110,-0.36375,0.21611001964636542
1208,36085000300,16928,7873,5069,-9055,-2804,-0.5349125708884688,-0.35615394385875776
1209,36085000600,467,493,297,26,-196,0.055674518201284794,-0.3975659229208925
1210,36085000700,559,394,470,-165,76,-0.295169946332737,0.19289340101522842
1211,36085000800,1474,1347,1102,-127,-245,-0.08616010854816825,-0.18188567186340016
1212,36085000900,929,543,447,-386,-96,-0.4155005382131324,-0.17679558011049723
1213,36085001100,462,331,511,-131,180,-0.28354978354978355,0.5438066465256798
1214,36085002002,1456,1042,1101,-414,59,-0.28434065934065933,0.05662188099808062
1215,36085002100,2480,1321,1335,-1159,14,-0.46733870967741936,0.010598031794095382
1216,36085002900,1238,889,367,-349,-522,-0.28190630048465265,-0.5871766029246345
1217,36085003300,346,338,263,-8,-75,-0.023121387283236993,-0.22189349112426035
1218,36085003600,379,244,145,-135,-99,-0.3562005277044855,-0.4057377049180328
1219,36085003900,770,115,175,-655,60,-0.8506493506493507,0.5217391304347826
1220,36085004000,8366,8121,6550,-245,-1571,-0.029285202008128137,-0.19344908262529245
1221,36085004700,1191,769,600,-422,-169,-0.35432409739714527,-0.21976592977893367
1222,36085005000,259,271,282,12,11,0.04633204633204633,0.04059040590405904
1223,36085006400,2196,8424,4876,6228,-3548,2.8360655737704916,-0.4211775878442545
1224,36085006700,23,13,35,-10,22,-0.43478260869565216,1.6923076923076923
1225,36085007000,6162,5322,4461,-840,-861,-0.13631937682570594,-0.16178128523111612
1226,36085007400,1540,1576,1183,36,-393,0.023376623376623377,-0.24936548223350255
1227,36085007500,3597,746,355,-2851,-391,-0.7926049485682514,-0.5241286863270778
1228,36085007700,1188,879,654,-309,-225,-0.2601010101010101,-0.25597269624573377
1229,36085008100,1088,770,467,-318,-303,-0.2922794117647059,-0.3935064935064935
1230,36085009602,886,590,504,-296,-86,-0.3340857787810384,-0.14576271186440679
1231,36085009700,819,575,341,-244,-234,-0.2979242979242979,-0.40695652173913044
1232,36085010500,357,433,370,76,-63,0.21288515406162464,-0.14549653579676675
1233,36085011201,441,395,228,-46,-167,-0.10430839002267574,-0.42278481012658226
1234,36085011202,2066,2091,2283,25,192,0.012100677637947725,0.09182209469153516
1235,36085011401,1173,1006,1160,-167,154,-0.1423699914748508,0.15308151093439365
1236,36085011402,135,147,132,12,-15,0.08888888888888889,-0.10204081632653061
1237,36085012100,984,720,476,-264,-244,-0.2682926829268293,-0.3388888888888889
1239,36085012500,2093,1460,1076,-633,-384,-0.30243669374104154,-0.26301369863013696
1240,36085012804,3610,2476,2498,-1134,22,-0.3141274238227147,0.008885298869143781
1241,36085012805,672,848,731,176,-117,0.2619047619047619,-0.13797169811320756
1242,36085012806,3997,3128,2757,-869,-371,-0.21741305979484613,-0.11860613810741688
1243,36085013201,773,872,384,99,-488,0.12807244501940493,-0.5596330275229358
1244,36085013203,3919,3339,922,-580,-2417,-0.14799693799438632,-0.7238694219826295
1245,36085013204,451,362,300,-89,-62,-0.1973392461197339,-0.1712707182320442
1246,36085013302,1416,1500,1083,84,-417,0.059322033898305086,-0.278
1247,36085013400,4698,13212,7253,8514,-5959,1.8122605363984674,-0.4510293672419013
1248,36085013800,157,85,97,-72,12,-0.4585987261146497,0.1411764705882353
1249,36085014604,622,655,463,33,-192,0.05305466237942122,-0.2931297709923664
1250,36085014605,2704,1593,2560,-1111,967,-0.41087278106508873,0.6070307595731325
1251,36085014606,3201,3196,3391,-5,195,-0.001562011871290222,0.06101376720901126
1252,36085014607,1147,876,860,-271,-16,-0.23626852659110723,-0.0182648401826484
1253,36085014700,210,133,295,-77,162,-0.36666666666666664,1.218045112781955
1254,36085015400,7915,8683,8507,768,-176,0.09703095388502843,-0.020269492111021536
1255,36085015601,882,664,467,-218,-197,-0.2471655328798186,-0.29668674698795183
1256,36085015602,131,288,189,157,-99,1.1984732824427482,-0.34375
1257,36085015603,1723,1788,2880,65,1092,0.03772489843296576,0.610738255033557
1258,36085016901,373,305,383,-68,78,-0.18230563002680966,0.25573770491803277
1259,36085017005,2567,1666,1837,-901,171,-0.3509933774834437,0.10264105642256903
1260,36085017007,2070,2531,2865,461,334,0.22270531400966184,0.13196365073093638
1261,36085017008,863,613,903,-250,290,-0.28968713789107764,0.4730831973898858
1262,36085017009,258,109,112,-149,3,-0.5775193798449613,0.027522935779816515
1263,36085017011,423,325,281,-98,-44,-0.23167848699763594,-0.13538461538461538
1264,36085017012,366,231,286,-135,55,-0.36885245901639346,0.23809523809523808
1265,36085017300,481,418,291,-63,-127,-0.13097713097713098,-0.3038277511961722
1266,36085017600,7043,5936,6071,-1107,135,-0.15717733920204457,0.022742587601078168
1267,36085017700,2398,1466,1387,-932,-79,-0.3886572143452877,-0.0538881309686221
1268,36085018100,3598,2893,1551,-705,-1342,-0.19594219010561423,-0.46387832699619774
1269,36085018702,801,545,643,-256,98,-0.3196004993757803,0.1798165137614679
1270,36085018901,752,849,733,97,-116,0.12898936170212766,-0.13663133097762073
1271,36085018902,555,452,445,-103,-7,-0.18558558558558558,-0.015486725663716814
1272,36085019800,7226,5644,4432,-1582,-1212,-0.21893163575975644,-0.2147413182140326
1273,36085020100,1216,1114,1339,-102,225,-0.08388157894736842,0.20197486535008977
1274,36085020700,1004,985,289,-19,-696,-0.018924302788844622,-0.7065989847715736
1275,36085020801,926,963,1280,37,317,0.03995680345572354,0.3291796469366563
1276,36085020804,13602,27052,26627,13450,-425,0.9888251727687105,-0.015710483513233772
1277,36085021300,394,356,172,-38,-184,-0.09644670050761421,-0.5168539325842697
1278,36085022300,406,241,218,-165,-23,-0.4064039408866995,-0.0954356846473029
1279,36085022600,21194,17800,22467,-3394,4667,-0.16013966216853825,0.26219101123595506
1280,36085022800,4648,3077,4457,-1571,1380,-0.3379948364888124,0.4484887877803055
1281,36085023100,67,38,0,-29,-38,-0.43283582089552236,-1.0
1282,36085023900,918,764,607,-154,-157,-0.16775599128540306,-0.2054973821989529
1283,36085024401,8436,5457,4549,-2979,-908,-0.3531294452347084,-0.1663917903610042
1284,36085024402,1936,2693,4160,757,1467,0.3910123966942149,0.5447456368362421
1285,36085024700,589,0,0,-589,0,-1.0,
1286,36085024800,1930,1880,2381,-50,501,-0.025906735751295335,0.26648936170212767
1287,36085025100,1164,803,692,-361,-111,-0.31013745704467355,-0.1382316313823163
1288,36085027301,1156,867,269,-289,-598,-0.25,-0.6897347174163783
1289,36085027302,7614,5382,6680,-2232,1298,-0.29314420803782504,0.24117428465254553
1290,36085027702,7811,3890,5002,-3921,1112,-0.5019843810011522,0.2858611825192802
1291,36085027705,75,63,99,-12,36,-0.16,0.5714285714285714
1292,36085027706,476,549,526,73,-23,0.15336134453781514,-0.04189435336976321
1293,36085027900,966,702,1107,-264,405,-0.2732919254658385,0.5769230769230769
1294,36085029102,5052,3996,4055,-1056,59,-0.20902612826603326,0.014764764764764765
1295,36085029103,7604,4956,4450,-2648,-506,-0.34823776959495,-0.10209846650524616
1296,36085029104,3288,2396,2561,-892,165,-0.2712895377128954,0.06886477462437396
1297,36085030301,436,278,441,-158,163,-0.3623853211009174,0.5863309352517986
1298,36085030302,740,446,534,-294,88,-0.3972972972972973,0.19730941704035873
1299,36085031901,1029,2116,1595,1087,-521,1.0563654033041787,-0.24621928166351606
1300,36085031902,401,484,261,83,-223,0.20698254364089774,-0.4607438016528926
1301,36085032300,2191,1517,1501,-674,-16,-0.3076220903696942,-0.01054713249835201
1302,36091062508,650,462,444,-188,-18,-0.28923076923076924,-0.03896103896103896
1303,36103145702,246,134,135,-112,1,-0.45528455284552843,0.007462686567164179
1304,36105950600,8,1,2,-7,1,-0.875,1.0
1305,36117020800,49,22,27,-27,5,-0.5510204081632653,0.22727272727272727
